6.000256231E+00  -3.777232394E-02
6.006831854E+00  1.713505983E-01
6.013407478E+00  -1.847921312E-01
6.019983101E+00  -1.676556468E-01
6.026558724E+00  3.643460870E-01
6.033134347E+00  -2.293182164E-01
6.039709971E+00  3.210917711E-01
6.046285594E+00  2.322673425E-02
6.052861217E+00  -4.729846418E-01
6.059436840E+00  -2.516022921E-01
6.066012464E+00  5.138013959E-01
6.072588087E+00  -1.238550618E-01
6.079163710E+00  3.212022781E-01
6.085739334E+00  -1.937512010E-01
6.092314957E+00  1.723871380E-01
6.098890580E+00  -7.585369051E-02
6.105466203E+00  2.007968426E-01
6.112041827E+00  -9.100770950E-01
6.118617450E+00  -1.878527701E-01
6.125193073E+00  5.132257342E-01
6.131768696E+00  1.245993018E+00
6.138344320E+00  1.170876846E-01
6.144919943E+00  -3.460233510E-01
6.151495566E+00  -7.251849174E-01
6.158071190E+00  -1.921551079E-01
6.164646813E+00  5.908349156E-01
6.171222436E+00  3.699946105E-01
6.177798059E+00  1.663005829E+00
6.184373683E+00  1.592735887E+00
6.190949306E+00  2.060131311E+00
6.197524929E+00  1.287043095E+00
6.204100552E+00  -3.084551096E-01
6.210676176E+00  -5.740678906E-01
6.217251799E+00  3.941835836E-02
6.223827422E+00  2.292537838E-01
6.230403045E+00  -9.328710288E-02
6.236978669E+00  5.687232688E-02
6.243554292E+00  1.537637472E+00
6.250129915E+00  2.985239744E+00
6.256705539E+00  3.602340221E+00
6.263281162E+00  2.470131874E+00
6.269856785E+00  1.979609728E-01
6.276432408E+00  -5.230711699E-01
6.283008032E+00  -1.602320522E-01
6.289583655E+00  -3.006976843E-01
6.296159278E+00  6.274359673E-02
6.302734901E+00  2.604683936E-01
6.309310525E+00  1.632158995E+00
6.315886148E+00  1.902242303E+00
6.322461771E+00  3.218494892E+00
6.329037394E+00  4.013225079E+00
6.335613018E+00  4.621093273E+00
6.342188641E+00  5.193101406E+00
6.348764264E+00  3.549803019E+00
6.355339888E+00  3.479565144E+00
6.361915511E+00  2.891303778E+00
6.368491134E+00  2.253315926E+00
6.375066757E+00  8.992576003E-01
6.381642381E+00  -2.169418633E-01
6.388218004E+00  -1.175253093E-01
6.394793627E+00  8.836197853E-01
6.401369250E+00  7.783043385E-01
6.407944874E+00  4.108254015E-01
6.414520497E+00  7.124904394E-01
6.421096120E+00  -9.608568996E-02
6.427671743E+00  3.985390067E-02
6.434247367E+00  1.218119502E+00
6.440822990E+00  1.129325032E+00
6.447398613E+00  6.737974882E-01
6.453974237E+00  9.032166600E-01
6.460549860E+00  2.136590481E+00
6.467125483E+00  3.091386557E+00
6.473701106E+00  1.702422023E+00
6.480276730E+00  1.826506376E+00
6.486852353E+00  2.622138977E+00
6.493427976E+00  2.754158020E+00
6.500003599E+00  1.657226562E+00
6.506579223E+00  1.312002778E+00
6.513154846E+00  1.120914221E+00
6.519730469E+00  1.285869956E+00
6.526306092E+00  2.086595058E+00
6.532881716E+00  1.935564518E+00
6.539457339E+00  1.785216570E+00
6.546032962E+00  2.956788540E+00
6.552608586E+00  4.066309452E+00
6.559184209E+00  3.542872667E+00
6.565759832E+00  3.659597397E+00
6.572335455E+00  3.570939541E+00
6.578911079E+00  3.216701746E+00
6.585486702E+00  2.033909082E+00
6.592062325E+00  1.186755776E+00
6.598637948E+00  1.666191936E+00
6.605213572E+00  9.656866789E-01
6.611789195E+00  4.335176349E-01
6.618364818E+00  1.782050133E+00
6.624940441E+00  2.541606426E+00
6.631516065E+00  2.784606218E+00
6.638091688E+00  2.495953798E+00
6.644667311E+00  2.024240971E+00
6.651242935E+00  1.281977415E+00
6.657818558E+00  1.241720557E+00
6.664394181E+00  1.660231948E+00
6.670969804E+00  2.421285391E+00
6.677545428E+00  2.482962132E+00
6.684121051E+00  2.708732843E+00
6.690696674E+00  1.233931422E+00
6.697272297E+00  5.626931190E-01
6.703847921E+00  -8.324294090E-01
6.710423544E+00  4.348963872E-02
6.716999167E+00  1.365945578E+00
6.723574790E+00  2.669945955E+00
6.730150414E+00  2.527728319E+00
6.736726037E+00  2.244538546E+00
6.743301660E+00  3.331506491E+00
6.749877284E+00  3.880864859E+00
6.756452907E+00  3.503175974E+00
6.763028530E+00  3.686681271E+00
6.769604153E+00  3.394932032E+00
6.776179777E+00  2.899529934E+00
6.782755400E+00  2.503008604E+00
6.789331023E+00  1.187742710E+00
6.795906646E+00  1.491182685E+00
6.802482270E+00  1.589831233E+00
6.809057893E+00  1.659105182E+00
6.815633516E+00  2.393601894E+00
6.822209139E+00  3.152369499E+00
6.828784763E+00  3.419122458E+00
6.835360386E+00  1.463143229E+00
6.841936009E+00  9.911546111E-01
6.848511633E+00  1.175510958E-01
6.855087256E+00  3.522104025E-01
6.861662879E+00  5.785359535E-03
6.868238502E+00  7.966551185E-01
6.874814126E+00  2.075062513E+00
6.881389749E+00  3.705452681E+00
6.887965372E+00  4.364825249E+00
6.894540995E+00  3.676532030E+00
6.901116619E+00  2.444658756E+00
6.907692242E+00  1.263402581E+00
6.914267865E+00  1.922346234E+00
6.920843488E+00  2.744832993E+00
6.927419112E+00  3.383371830E+00
6.933994735E+00  2.560839653E+00
6.940570358E+00  1.175940394E+00
6.947145982E+00  1.024871945E+00
6.953721605E+00  2.672896624E+00
6.960297228E+00  4.939189911E+00
6.966872851E+00  5.221536160E+00
6.973448475E+00  4.595434666E+00
6.980024098E+00  3.382448435E+00
6.986599721E+00  2.964159250E+00
6.993175344E+00  1.676201105E+00
6.999750968E+00  1.295070529E+00
7.006326591E+00  5.747429729E-01
7.012902214E+00  9.444252849E-01
7.019477837E+00  1.793711662E+00
7.026053461E+00  2.915946007E+00
7.032629084E+00  4.069261551E+00
7.039204707E+00  4.575220108E+00
7.045780331E+00  3.618624926E+00
7.052355954E+00  2.221164465E+00
7.058931577E+00  7.702287436E-01
7.065507200E+00  1.165407300E+00
7.072082824E+00  2.162737370E+00
7.078658447E+00  3.171590328E+00
7.085234070E+00  5.016400337E+00
7.091809693E+00  6.027495384E+00
7.098385317E+00  5.815517426E+00
7.104960940E+00  3.886666298E+00
7.111536563E+00  3.417604685E+00
7.118112186E+00  3.351165533E+00
7.124687810E+00  4.379263401E+00
7.131263433E+00  6.091331959E+00
7.137839056E+00  6.823440552E+00
7.144414680E+00  6.960050106E+00
7.150990303E+00  7.188887596E+00
7.157565926E+00  8.153772354E+00
7.164141549E+00  7.863787651E+00
7.170717173E+00  5.701568604E+00
7.177292796E+00  4.136186600E+00
7.183868419E+00  2.668450356E+00
7.190444042E+00  2.910971642E+00
7.197019666E+00  3.154076338E+00
7.203595289E+00  4.067453384E+00
7.210170912E+00  5.164989948E+00
7.216746535E+00  6.611896038E+00
7.223322159E+00  7.412195206E+00
7.229897782E+00  7.527863026E+00
7.236473405E+00  7.732340336E+00
7.243049029E+00  8.659849167E+00
7.249624652E+00  8.737520218E+00
7.256200275E+00  8.943213463E+00
7.262775898E+00  8.092139244E+00
7.269351522E+00  7.236278057E+00
7.275927145E+00  6.592127800E+00
7.282502768E+00  6.370784283E+00
7.289078391E+00  6.862915993E+00
7.295654015E+00  6.794729233E+00
7.302229638E+00  6.748389721E+00
7.308805261E+00  6.557539463E+00
7.315380884E+00  6.650571823E+00
7.321956508E+00  7.521830082E+00
7.328532131E+00  7.289234638E+00
7.335107754E+00  6.823196888E+00
7.341683378E+00  5.903366089E+00
7.348259001E+00  5.636111259E+00
7.354834624E+00  6.311951160E+00
7.361410247E+00  6.386509418E+00
7.367985871E+00  6.722215652E+00
7.374561494E+00  6.028732777E+00
7.381137117E+00  6.379554749E+00
7.387712740E+00  6.836024284E+00
7.394288364E+00  5.606016636E+00
7.400863987E+00  5.122056484E+00
7.407439610E+00  5.349900246E+00
7.414015233E+00  5.670361996E+00
7.420590857E+00  4.421780109E+00
7.427166480E+00  1.499125123E+00
7.433742103E+00  1.122884899E-01
7.440317727E+00  1.695246935E+00
7.446893350E+00  4.146772861E+00
7.453468973E+00  4.980321884E+00
7.460044596E+00  4.076464653E+00
7.466620220E+00  4.180431843E+00
7.473195843E+00  3.416265488E+00
7.479771466E+00  3.574895620E+00
7.486347089E+00  3.632200480E+00
7.492922713E+00  2.921365261E+00
7.499498336E+00  2.325260878E+00
7.506073959E+00  2.188553333E+00
7.512649582E+00  1.926102996E+00
7.519225206E+00  1.480975509E+00
7.525800829E+00  7.204441428E-01
7.532376452E+00  5.595316291E-01
7.538952076E+00  4.473481774E-01
7.545527699E+00  8.280398250E-01
7.552103322E+00  -9.101006202E-03
7.558678945E+00  1.372731477E-01
7.565254569E+00  -5.057230592E-02
7.571830192E+00  -2.766253352E-01
7.578405815E+00  -9.953681231E-01
7.584981438E+00  5.716383457E-01
7.591557062E+00  1.438701510E+00
7.598132685E+00  3.021541595E+00
7.604708308E+00  3.566995859E+00
7.611283931E+00  2.509968281E+00
7.617859555E+00  1.338677764E+00
7.624435178E+00  4.623497725E-01
7.631010801E+00  1.711877882E-01
7.637586425E+00  1.009431839E+00
7.644162048E+00  4.872814715E-01
7.650737671E+00  -2.760308981E-01
7.657313294E+00  -7.895391583E-01
7.663888918E+00  2.186391801E-01
7.670464541E+00  1.802769065E+00
7.677040164E+00  9.127784371E-01
7.683615787E+00  -1.316194296E+00
7.690191411E+00  -2.660972595E+00
7.696767034E+00  -1.538375497E+00
7.703342657E+00  5.787574649E-01
7.709918281E+00  2.805600643E+00
7.716493904E+00  2.891716719E+00
7.723069527E+00  1.306982756E+00
7.729645150E+00  1.956775039E-01
7.736220774E+00  7.470734715E-01
7.742796397E+00  1.595324159E+00
7.749372020E+00  3.279898167E+00
7.755947643E+00  3.989217281E+00
7.762523267E+00  3.574311733E+00
7.769098890E+00  3.968240976E+00
7.775674513E+00  4.991254330E+00
7.782250136E+00  6.050483704E+00
7.788825760E+00  6.366495609E+00
7.795401383E+00  6.921520710E+00
7.801977006E+00  8.676727295E+00
7.808552630E+00  1.032514477E+01
7.815128253E+00  1.127065659E+01
7.821703876E+00  1.244489193E+01
7.828279499E+00  1.334286022E+01
7.834855123E+00  1.308838367E+01
7.841430746E+00  1.434571075E+01
7.848006369E+00  1.595623970E+01
7.854581992E+00  1.870804405E+01
7.861157616E+00  1.828900719E+01
7.867733239E+00  1.771113586E+01
7.874308862E+00  1.673048973E+01
7.880884485E+00  1.611622810E+01
7.887460109E+00  1.636057854E+01
7.894035732E+00  1.562123013E+01
7.900611355E+00  1.644740486E+01
7.907186979E+00  1.724569893E+01
7.913762602E+00  1.794463348E+01
7.920338225E+00  1.859720230E+01
7.926913848E+00  2.130569267E+01
7.933489472E+00  2.290674400E+01
7.940065095E+00  2.262321663E+01
7.946640718E+00  2.174632645E+01
7.953216341E+00  2.118106461E+01
7.959791965E+00  2.067471504E+01
7.966367588E+00  2.124020958E+01
7.972943211E+00  2.407116508E+01
7.979518834E+00  2.660048103E+01
7.986094458E+00  2.686851692E+01
7.992670081E+00  2.628968811E+01
7.999245704E+00  2.672620010E+01
8.005821328E+00  2.658424568E+01
8.012396951E+00  2.463968658E+01
8.018972574E+00  2.266012383E+01
8.025548197E+00  2.192930794E+01
8.032123821E+00  2.304255295E+01
8.038699444E+00  2.482860756E+01
8.045275067E+00  2.619291306E+01
8.051850690E+00  2.816594124E+01
8.058426314E+00  2.888463402E+01
8.065001937E+00  2.841759491E+01
8.071577560E+00  2.669868279E+01
8.078153183E+00  2.645034409E+01
8.084728807E+00  2.821534729E+01
8.091304430E+00  3.005696869E+01
8.097880053E+00  3.053653908E+01
8.104455677E+00  3.190629768E+01
8.111031300E+00  3.319338608E+01
8.117606923E+00  3.354650497E+01
8.124182546E+00  3.451279068E+01
8.130758170E+00  3.585565948E+01
8.137333793E+00  3.945033264E+01
8.143909416E+00  4.425207901E+01
8.150485039E+00  4.889291000E+01
8.157060663E+00  5.180949402E+01
8.163636286E+00  5.464550018E+01
8.170211909E+00  5.537857056E+01
8.176787532E+00  5.686813736E+01
8.183363156E+00  5.923924637E+01
8.189938779E+00  6.330197525E+01
8.196514402E+00  6.843376160E+01
8.203090026E+00  7.344462585E+01
8.209665649E+00  7.801812744E+01
8.216241272E+00  8.319570160E+01
8.222816895E+00  8.788596344E+01
8.229392519E+00  9.499507141E+01
8.235968142E+00  1.037626648E+02
8.242543765E+00  1.151832809E+02
8.249119388E+00  1.263954620E+02
8.255695012E+00  1.382965698E+02
8.262270635E+00  1.524104309E+02
8.268846258E+00  1.676573181E+02
8.275421881E+00  1.856543427E+02
8.281997505E+00  2.071484833E+02
8.288573128E+00  2.370297699E+02
8.295148751E+00  2.728054810E+02
8.301724375E+00  3.104725952E+02
8.308299998E+00  3.491785889E+02
8.314875621E+00  3.925239563E+02
8.321451244E+00  4.429530334E+02
8.328026868E+00  4.987373352E+02
8.334602491E+00  5.597152100E+02
8.341178114E+00  6.265947266E+02
8.347753737E+00  6.981132202E+02
8.354329361E+00  7.714039917E+02
8.360904984E+00  8.496137085E+02
8.367480607E+00  9.251798706E+02
8.374056230E+00  1.003746582E+03
8.380631854E+00  1.071451172E+03
8.387207477E+00  1.128897827E+03
8.393783100E+00  1.181275391E+03
8.400358724E+00  1.213463135E+03
8.406934347E+00  1.243351074E+03
8.413509970E+00  1.255437378E+03
8.420085593E+00  1.257135864E+03
8.426661217E+00  1.242341064E+03
8.433236840E+00  1.211660522E+03
8.439812463E+00  1.178782104E+03
8.446388086E+00  1.127646973E+03
8.452963710E+00  1.080694702E+03
8.459539333E+00  1.029902100E+03
8.466114956E+00  9.809110718E+02
8.472690579E+00  9.212756348E+02
8.479266203E+00  8.667156372E+02
8.485841826E+00  8.134916992E+02
8.492417449E+00  7.591868896E+02
8.498993073E+00  7.061218872E+02
8.505568696E+00  6.565290527E+02
8.512144319E+00  6.105929565E+02
8.518719942E+00  5.692124023E+02
8.525295566E+00  5.302442017E+02
8.531871189E+00  4.957908630E+02
8.538446812E+00  4.621866760E+02
8.545022435E+00  4.295091858E+02
8.551598059E+00  3.989130859E+02
8.558173682E+00  3.719504395E+02
8.564749305E+00  3.467871399E+02
8.571324928E+00  3.226579895E+02
8.577900552E+00  3.000569153E+02
8.584476175E+00  2.798983765E+02
8.591051798E+00  2.605098877E+02
8.597627422E+00  2.421965027E+02
8.604203045E+00  2.248877716E+02
8.610778668E+00  2.072129974E+02
8.617354291E+00  1.908463898E+02
8.623929915E+00  1.772024078E+02
8.630505538E+00  1.651847534E+02
8.637081161E+00  1.541263733E+02
8.643656784E+00  1.438494415E+02
8.650232408E+00  1.346503143E+02
8.656808031E+00  1.252491302E+02
8.663383654E+00  1.158597107E+02
8.669959277E+00  1.074966736E+02
8.676534901E+00  1.007473907E+02
8.683110524E+00  9.504933929E+01
8.689686147E+00  8.987712097E+01
8.696261771E+00  8.479028320E+01
8.702837394E+00  7.963208771E+01
8.709413017E+00  7.353046417E+01
8.715988640E+00  6.856597900E+01
8.722564264E+00  6.443688202E+01
8.729139887E+00  6.115048981E+01
8.735715510E+00  5.826688004E+01
8.742291133E+00  5.500870132E+01
8.748866757E+00  5.267966843E+01
8.755442380E+00  4.963817596E+01
8.762018003E+00  4.754438019E+01
8.768593626E+00  4.601106262E+01
8.775169250E+00  4.368029404E+01
8.781744873E+00  4.141924286E+01
8.788320496E+00  3.826108551E+01
8.794896120E+00  3.563889694E+01
8.801471743E+00  3.362783051E+01
8.808047366E+00  3.263946152E+01
8.814622989E+00  3.174892998E+01
8.821198613E+00  3.268909073E+01
8.827774236E+00  3.189298058E+01
8.834349859E+00  3.156951523E+01
8.840925482E+00  3.199351692E+01
8.847501106E+00  3.495836258E+01
8.854076729E+00  3.613681412E+01
8.860652352E+00  3.800632477E+01
8.867227975E+00  3.867764282E+01
8.873803599E+00  3.774686050E+01
8.880379222E+00  3.462208939E+01
8.886954845E+00  3.138331223E+01
8.893530469E+00  2.548550797E+01
8.900106092E+00  2.015465927E+01
8.906681715E+00  1.861235619E+01
8.913257338E+00  2.100450516E+01
8.919832962E+00  2.281930351E+01
8.926408585E+00  2.228812027E+01
8.932984208E+00  2.244408417E+01
8.939559831E+00  2.364113235E+01
8.946135455E+00  2.605644989E+01
8.952711078E+00  2.849125481E+01
8.959286701E+00  2.618475914E+01
8.965862324E+00  2.264571571E+01
8.972437948E+00  1.777301979E+01
8.979013571E+00  1.559497261E+01
8.985589194E+00  1.470970535E+01
8.992164818E+00  1.420559311E+01
8.998740441E+00  1.341320610E+01
9.005316064E+00  1.099857330E+01
9.011891687E+00  9.907511711E+00
9.018467311E+00  9.305578232E+00
9.025042934E+00  1.005315495E+01
9.031618557E+00  1.029334831E+01
9.038194180E+00  1.115852547E+01
9.044769804E+00  1.025225258E+01
9.051345427E+00  7.771846771E+00
9.057921050E+00  6.050373554E+00
9.064496673E+00  4.354980469E+00
9.071072297E+00  2.557311773E+00
9.077647920E+00  2.749713898E+00
9.084223543E+00  2.924437046E+00
9.090799167E+00  3.298829079E+00
9.097374790E+00  3.670314789E+00
9.103950413E+00  4.206435204E+00
9.110526036E+00  4.268577099E+00
9.117101660E+00  5.781600475E+00
9.123677283E+00  6.520949841E+00
9.130252906E+00  7.277202606E+00
9.136828529E+00  6.666128159E+00
9.143404153E+00  5.111109734E+00
9.149979776E+00  5.931521893E+00
9.156555399E+00  6.815877914E+00
9.163131022E+00  7.603075981E+00
9.169706646E+00  8.812188148E+00
9.176282269E+00  8.026246071E+00
9.182857892E+00  8.179842949E+00
9.189433516E+00  7.535691261E+00
9.196009139E+00  6.896054268E+00
9.202584762E+00  6.705770493E+00
9.209160385E+00  6.983894348E+00
9.215736009E+00  7.303190708E+00
9.222311632E+00  8.160253525E+00
9.228887255E+00  7.256262779E+00
9.235462878E+00  6.385664463E+00
9.242038502E+00  6.716926575E+00
9.248614125E+00  7.810609818E+00
9.255189748E+00  8.862528801E+00
9.261765372E+00  8.975729942E+00
9.268340995E+00  9.605312347E+00
9.274916618E+00  1.028792000E+01
9.281492241E+00  1.149282074E+01
9.288067865E+00  1.187092495E+01
9.294643488E+00  1.329238796E+01
9.301219111E+00  1.307853985E+01
9.307794734E+00  1.313567829E+01
9.314370358E+00  1.219188118E+01
9.320945981E+00  1.265101624E+01
9.327521604E+00  1.393404198E+01
9.334097227E+00  1.678712273E+01
9.340672851E+00  1.863854980E+01
9.347248474E+00  1.930285645E+01
9.353824097E+00  1.946273994E+01
9.360399721E+00  1.950598335E+01
9.366975344E+00  1.965337753E+01
9.373550967E+00  2.147630501E+01
9.380126590E+00  2.224146271E+01
9.386702214E+00  2.262033844E+01
9.393277837E+00  2.261693764E+01
9.399853460E+00  2.473380089E+01
9.406429083E+00  2.668978500E+01
9.413004707E+00  2.964661026E+01
9.419580330E+00  3.189783859E+01
9.426155953E+00  3.363302231E+01
9.432731576E+00  3.541867065E+01
9.439307200E+00  3.826659393E+01
9.445882823E+00  4.325941467E+01
9.452458446E+00  4.817358780E+01
9.459034070E+00  5.245647049E+01
9.465609693E+00  5.750853348E+01
9.472185316E+00  6.186892700E+01
9.478760939E+00  6.785949707E+01
9.485336563E+00  7.540756226E+01
9.491912186E+00  8.454786682E+01
9.498487809E+00  9.477558136E+01
9.505063432E+00  1.052304001E+02
9.511639056E+00  1.158381729E+02
9.518214679E+00  1.282835083E+02
9.524790302E+00  1.431401825E+02
9.531365925E+00  1.622002106E+02
9.537941549E+00  1.823156891E+02
9.544517172E+00  2.041746216E+02
9.551092795E+00  2.241925507E+02
9.557668419E+00  2.441346588E+02
9.564244042E+00  2.603183289E+02
9.570819665E+00  2.790526428E+02
9.577395288E+00  3.043385925E+02
9.583970912E+00  3.243964233E+02
9.590546535E+00  3.545806274E+02
9.597122158E+00  3.845391235E+02
9.603697781E+00  4.175165710E+02
9.610273405E+00  4.473718567E+02
9.616849028E+00  4.842373047E+02
9.623424651E+00  5.108058167E+02
9.630000274E+00  5.435211792E+02
9.636575898E+00  5.687140503E+02
9.643151521E+00  5.895762329E+02
9.649727144E+00  5.889735718E+02
9.656302768E+00  5.946970215E+02
9.662878391E+00  5.846357422E+02
9.669454014E+00  5.881038208E+02
9.676029637E+00  5.946489868E+02
9.682605261E+00  6.167552490E+02
9.689180884E+00  6.433903198E+02
9.695756507E+00  6.662208252E+02
9.702332130E+00  6.870426636E+02
9.708907754E+00  7.066248169E+02
9.715483377E+00  7.234660034E+02
9.722059000E+00  7.425871582E+02
9.728634623E+00  7.591465454E+02
9.735210247E+00  7.704645386E+02
9.741785870E+00  7.705626221E+02
9.748361493E+00  7.688637085E+02
9.754937117E+00  7.577476807E+02
9.761512740E+00  7.409831543E+02
9.768088363E+00  7.159628296E+02
9.774663986E+00  6.847681274E+02
9.781239610E+00  6.449646606E+02
9.787815233E+00  6.002413330E+02
9.794390856E+00  5.540126953E+02
9.800966479E+00  5.082320251E+02
9.807542103E+00  4.614236755E+02
9.814117726E+00  4.150315247E+02
9.820693349E+00  3.742391663E+02
9.827268972E+00  3.420642090E+02
9.833844596E+00  3.114768677E+02
9.840420219E+00  2.853814087E+02
9.846995842E+00  2.577759094E+02
9.853571466E+00  2.340031433E+02
9.860147089E+00  2.147583618E+02
9.866722712E+00  2.006265259E+02
9.873298335E+00  1.891085815E+02
9.879873959E+00  1.796058502E+02
9.886449582E+00  1.712115784E+02
9.893025205E+00  1.647225800E+02
9.899600828E+00  1.600269928E+02
9.906176452E+00  1.568581543E+02
9.912752075E+00  1.555524445E+02
9.919327698E+00  1.564110565E+02
9.925903321E+00  1.590223083E+02
9.932478945E+00  1.622909088E+02
9.939054568E+00  1.642998047E+02
9.945630191E+00  1.652437439E+02
9.952205815E+00  1.643120880E+02
9.958781438E+00  1.603123932E+02
9.965357061E+00  1.554188843E+02
9.971932684E+00  1.506622620E+02
9.978508308E+00  1.485946655E+02
9.985083931E+00  1.462321320E+02
9.991659554E+00  1.435633850E+02
9.998235177E+00  1.420204315E+02
1.000481080E+01  1.397384796E+02
1.001138642E+01  1.376437073E+02
1.001796205E+01  1.353117371E+02
1.002453767E+01  1.310720978E+02
1.003111329E+01  1.267542953E+02
1.003768892E+01  1.219432297E+02
1.004426454E+01  1.180944214E+02
1.005084016E+01  1.146843643E+02
1.005741579E+01  1.091197433E+02
1.006399141E+01  1.040054855E+02
1.007056703E+01  9.925561523E+01
1.007714266E+01  9.452828979E+01
1.008371828E+01  8.945626831E+01
1.009029390E+01  8.509762573E+01
1.009686953E+01  8.054753876E+01
1.010344515E+01  7.502082062E+01
1.011002077E+01  7.101547241E+01
1.011659640E+01  6.724973297E+01
1.012317202E+01  6.497552490E+01
1.012974764E+01  6.131683350E+01
1.013632327E+01  5.858466339E+01
1.014289889E+01  5.532195663E+01
1.014947451E+01  5.190807343E+01
1.015605014E+01  4.783955765E+01
1.016262576E+01  4.403434372E+01
1.016920138E+01  4.065792465E+01
1.017577701E+01  3.939921951E+01
1.018235263E+01  3.758435440E+01
1.018892825E+01  3.606387329E+01
1.019550388E+01  3.459064865E+01
1.020207950E+01  3.272175598E+01
1.020865512E+01  3.143906593E+01
1.021523075E+01  3.018001556E+01
1.022180637E+01  2.857099915E+01
1.022838199E+01  2.655774117E+01
1.023495762E+01  2.577737045E+01
1.024153324E+01  2.479767227E+01
1.024810886E+01  2.253896713E+01
1.025468448E+01  2.091473198E+01
1.026126011E+01  1.966656876E+01
1.026783573E+01  1.910247803E+01
1.027441135E+01  1.796356392E+01
1.028098698E+01  1.914424133E+01
1.028756260E+01  1.974888992E+01
1.029413822E+01  2.017094612E+01
1.030071385E+01  2.035462189E+01
1.030728947E+01  2.023631859E+01
1.031386509E+01  1.932469940E+01
1.032044072E+01  1.926612091E+01
1.032701634E+01  1.994961929E+01
1.033359196E+01  1.905963516E+01
1.034016759E+01  1.802573204E+01
1.034674321E+01  1.802844810E+01
1.035331883E+01  1.795486832E+01
1.035989446E+01  1.693817139E+01
1.036647008E+01  1.678244209E+01
1.037304570E+01  1.596852112E+01
1.037962133E+01  1.608516693E+01
1.038619695E+01  1.543598366E+01
1.039277257E+01  1.573327637E+01
1.039934820E+01  1.531483936E+01
1.040592382E+01  1.496134663E+01
1.041249944E+01  1.470494080E+01
1.041907507E+01  1.531995964E+01
1.042565069E+01  1.672625542E+01
1.043222631E+01  1.693011093E+01
1.043880194E+01  1.530451775E+01
1.044537756E+01  1.346856594E+01
1.045195318E+01  1.295297241E+01
1.045852881E+01  1.285096073E+01
1.046510443E+01  1.251162243E+01
1.047168005E+01  1.205211639E+01
1.047825568E+01  1.146216965E+01
1.048483130E+01  1.002594566E+01
1.049140692E+01  7.982691288E+00
1.049798255E+01  6.865113735E+00
1.050455817E+01  5.596548557E+00
1.051113379E+01  4.824455261E+00
1.051770942E+01  5.715338230E+00
1.052428504E+01  6.954257965E+00
1.053086066E+01  8.298051834E+00
1.053743629E+01  7.105121136E+00
1.054401191E+01  5.856423378E+00
1.055058753E+01  5.508500576E+00
1.055716316E+01  4.550118923E+00
1.056373878E+01  3.909494400E+00
1.057031440E+01  2.553412914E+00
1.057689002E+01  2.900316477E+00
1.058346565E+01  4.045398712E+00
1.059004127E+01  4.926620483E+00
1.059661689E+01  5.065920830E+00
1.060319252E+01  4.444216251E+00
1.060976814E+01  3.523371935E+00
1.061634376E+01  1.843369842E+00
1.062291939E+01  1.075043201E+00
1.062949501E+01  1.857478142E+00
1.063607063E+01  2.835122824E+00
1.064264626E+01  3.853100061E+00
1.064922188E+01  3.684745789E+00
1.065579750E+01  4.811395168E+00
1.066237313E+01  4.088397503E+00
1.066894875E+01  3.050780773E+00
1.067552437E+01  2.478193998E+00
1.068210000E+01  2.384652138E+00
1.068867562E+01  2.652327538E+00
1.069525124E+01  2.636529207E+00
1.070182687E+01  2.651056528E+00
1.070840249E+01  2.222104549E+00
1.071497811E+01  2.340219498E+00
1.072155374E+01  2.000825644E+00
1.072812936E+01  1.956180215E+00
1.073470498E+01  2.251506329E+00
1.074128061E+01  1.752337933E+00
1.074785623E+01  5.844629407E-01
1.075443185E+01  9.176142812E-01
1.076100748E+01  2.527971983E+00
1.076758310E+01  2.876777411E+00
1.077415872E+01  2.095196486E+00
1.078073435E+01  3.083443165E+00
1.078730997E+01  2.853553534E+00
1.079388559E+01  3.203702450E+00
1.080046122E+01  2.242619276E+00
1.080703684E+01  2.259217978E+00
1.081361246E+01  3.229921103E+00
1.082018809E+01  4.118954182E+00
1.082676371E+01  2.970632553E+00
1.083333933E+01  3.116391420E+00
1.083991496E+01  4.469709873E+00
1.084649058E+01  5.761462212E+00
1.085306620E+01  6.001832485E+00
1.085964183E+01  4.456390381E+00
1.086621745E+01  1.950776935E+00
1.087279307E+01  -8.866181970E-01
1.087936870E+01  -9.078600407E-01
1.088594432E+01  -1.705657989E-01
1.089251994E+01  6.631691456E-01
1.089909556E+01  8.497203588E-01
1.090567119E+01  2.978484631E+00
1.091224681E+01  4.854692936E+00
1.091882243E+01  6.993549347E+00
1.092539806E+01  6.922477722E+00
1.093197368E+01  6.373991966E+00
1.093854930E+01  6.060596943E+00
1.094512493E+01  5.536118031E+00
1.095170055E+01  5.484760284E+00
1.095827617E+01  5.095619678E+00
1.096485180E+01  5.246766567E+00
1.097142742E+01  4.928582668E+00
1.097800304E+01  5.390244007E+00
1.098457867E+01  5.757885933E+00
1.099115429E+01  6.322197914E+00
1.099772991E+01  6.584322929E+00
1.100430554E+01  6.174798489E+00
1.101088116E+01  5.767134190E+00
1.101745678E+01  5.557788372E+00
1.102403241E+01  4.694389820E+00
1.103060803E+01  4.186381817E+00
1.103718365E+01  3.629632235E+00
1.104375928E+01  4.200081825E+00
1.105033490E+01  5.876890182E+00
1.105691052E+01  5.098685265E+00
1.106348615E+01  4.359752178E+00
1.107006177E+01  4.196361542E+00
1.107663739E+01  6.105715275E+00
1.108321302E+01  5.830612659E+00
1.108978864E+01  6.537672520E+00
1.109636426E+01  8.282666206E+00
1.110293989E+01  8.614520073E+00
1.110951551E+01  8.824337959E+00
1.111609113E+01  7.998626232E+00
1.112266676E+01  8.236087799E+00
1.112924238E+01  8.074871063E+00
1.113581800E+01  7.562390327E+00
1.114239363E+01  8.183064461E+00
1.114896925E+01  8.723059654E+00
1.115554487E+01  9.138457298E+00
1.116212050E+01  8.252027512E+00
1.116869612E+01  8.575500488E+00
1.117527174E+01  8.708486557E+00
1.118184737E+01  8.746684074E+00
1.118842299E+01  7.607563496E+00
1.119499861E+01  7.472747803E+00
1.120157424E+01  6.431082249E+00
1.120814986E+01  7.192501545E+00
1.121472548E+01  8.089494705E+00
1.122130111E+01  1.026997662E+01
1.122787673E+01  1.214553261E+01
1.123445235E+01  1.376006889E+01
1.124102797E+01  1.407106686E+01
1.124760360E+01  1.289928532E+01
1.125417922E+01  1.178277206E+01
1.126075484E+01  1.139922047E+01
1.126733047E+01  1.121587849E+01
1.127390609E+01  1.166093254E+01
1.128048171E+01  1.236667156E+01
1.128705734E+01  1.245708847E+01
1.129363296E+01  1.273781967E+01
1.130020858E+01  1.282651520E+01
1.130678421E+01  1.418262863E+01
1.131335983E+01  1.516210079E+01
1.131993545E+01  1.491384506E+01
1.132651108E+01  1.305943871E+01
1.133308670E+01  1.218188477E+01
1.133966232E+01  1.325140381E+01
1.134623795E+01  1.507415485E+01
1.135281357E+01  1.580933189E+01
1.135938919E+01  1.684757614E+01
1.136596482E+01  1.788471413E+01
1.137254044E+01  1.733922768E+01
1.137911606E+01  1.681906128E+01
1.138569169E+01  1.674807930E+01
1.139226731E+01  1.743833160E+01
1.139884293E+01  1.887130928E+01
1.140541856E+01  1.747430611E+01
1.141199418E+01  1.499737167E+01
1.141856980E+01  1.451819515E+01
1.142514543E+01  1.510714531E+01
1.143172105E+01  1.573986244E+01
1.143829667E+01  1.722304726E+01
1.144487230E+01  1.700744247E+01
1.145144792E+01  1.758041000E+01
1.145802354E+01  1.760363197E+01
1.146459917E+01  1.810451126E+01
1.147117479E+01  1.786777306E+01
1.147775041E+01  1.780118942E+01
1.148432604E+01  1.837014771E+01
1.149090166E+01  1.794921303E+01
1.149747728E+01  1.793589783E+01
1.150405291E+01  1.736149979E+01
1.151062853E+01  1.688671112E+01
1.151720415E+01  1.752085114E+01
1.152377978E+01  1.809550285E+01
1.153035540E+01  1.816587639E+01
1.153693102E+01  1.779353142E+01
1.154350665E+01  1.854490089E+01
1.155008227E+01  2.002450371E+01
1.155665789E+01  2.117279243E+01
1.156323351E+01  2.272318077E+01
1.156980914E+01  2.216494560E+01
1.157638476E+01  2.179203987E+01
1.158296038E+01  2.154588127E+01
1.158953601E+01  2.106661034E+01
1.159611163E+01  2.183323288E+01
1.160268725E+01  2.232377625E+01
1.160926288E+01  2.264028740E+01
1.161583850E+01  2.059526253E+01
1.162241412E+01  1.955783463E+01
1.162898975E+01  1.892545509E+01
1.163556537E+01  1.918151474E+01
1.164214099E+01  1.970392799E+01
1.164871662E+01  2.142628288E+01
1.165529224E+01  2.218303490E+01
1.166186786E+01  2.325542259E+01
1.166844349E+01  2.271960831E+01
1.167501911E+01  2.414442825E+01
1.168159473E+01  2.602840614E+01
1.168817036E+01  2.669135666E+01
1.169474598E+01  2.624411201E+01
1.170132160E+01  2.606703949E+01
1.170789723E+01  2.738181114E+01
1.171447285E+01  2.517378044E+01
1.172104847E+01  2.460066032E+01
1.172762410E+01  2.350864410E+01
1.173419972E+01  2.182742500E+01
1.174077534E+01  2.020789146E+01
1.174735097E+01  1.979653740E+01
1.175392659E+01  2.029943085E+01
1.176050221E+01  2.133572769E+01
1.176707784E+01  2.138640594E+01
1.177365346E+01  2.148029327E+01
1.178022908E+01  2.138987541E+01
1.178680471E+01  2.305170250E+01
1.179338033E+01  2.420555115E+01
1.179995595E+01  2.326502419E+01
1.180653158E+01  2.201970673E+01
1.181310720E+01  2.087783623E+01
1.181968282E+01  2.003671455E+01
1.182625845E+01  1.948368454E+01
1.183283407E+01  2.073538780E+01
1.183940969E+01  2.214733315E+01
1.184598532E+01  2.137922668E+01
1.185256094E+01  2.011470413E+01
1.185913656E+01  2.030742073E+01
1.186571219E+01  1.994179153E+01
1.187228781E+01  1.971658707E+01
1.187886343E+01  1.952442360E+01
1.188543906E+01  1.886143684E+01
1.189201468E+01  1.852648926E+01
1.189859030E+01  1.793807602E+01
1.190516592E+01  1.778177834E+01
1.191174155E+01  1.765967751E+01
1.191831717E+01  1.785549736E+01
1.192489279E+01  1.894738960E+01
1.193146842E+01  1.924153519E+01
1.193804404E+01  2.112076950E+01
1.194461966E+01  2.197036743E+01
1.195119529E+01  2.205255508E+01
1.195777091E+01  2.137516022E+01
1.196434653E+01  1.940939140E+01
1.197092216E+01  1.821726608E+01
1.197749778E+01  1.669870186E+01
1.198407340E+01  1.745867920E+01
1.199064903E+01  1.784486389E+01
1.199722465E+01  1.968342400E+01
1.200380027E+01  2.044458008E+01
1.201037590E+01  2.037246323E+01
1.201695152E+01  2.101395035E+01
1.202352714E+01  2.073719788E+01
1.203010277E+01  1.815791893E+01
1.203667839E+01  1.722825432E+01
1.204325401E+01  1.817036438E+01
1.204982964E+01  1.897642517E+01
1.205640526E+01  1.964544678E+01
1.206298088E+01  2.113201141E+01
1.206955651E+01  2.163190460E+01
1.207613213E+01  2.188242340E+01
1.208270775E+01  2.288159943E+01
1.208928338E+01  2.297561646E+01
1.209585900E+01  2.314981651E+01
1.210243462E+01  2.137147141E+01
1.210901025E+01  2.196919060E+01
1.211558587E+01  2.270175552E+01
1.212216149E+01  2.373615265E+01
1.212873712E+01  2.357725906E+01
1.213531274E+01  2.184470367E+01
1.214188836E+01  1.920499039E+01
1.214846399E+01  1.913809776E+01
1.215503961E+01  1.841258621E+01
1.216161523E+01  1.828334427E+01
1.216819086E+01  1.883289528E+01
1.217476648E+01  1.918722534E+01
1.218134210E+01  2.021060371E+01
1.218791773E+01  2.242013359E+01
1.219449335E+01  2.432363892E+01
1.220106897E+01  2.412670135E+01
1.220764460E+01  2.325317001E+01
1.221422022E+01  2.386809921E+01
1.222079584E+01  2.484162521E+01
1.222737146E+01  2.735297012E+01
1.223394709E+01  2.724053383E+01
1.224052271E+01  2.745062637E+01
1.224709833E+01  2.661998940E+01
1.225367396E+01  2.703380394E+01
1.226024958E+01  2.652265930E+01
1.226682520E+01  2.792398071E+01
1.227340083E+01  2.825048637E+01
1.227997645E+01  2.964086914E+01
1.228655207E+01  3.003558350E+01
1.229312770E+01  3.238435364E+01
1.229970332E+01  3.375897980E+01
1.230627894E+01  3.463506317E+01
1.231285457E+01  3.533342743E+01
1.231943019E+01  3.675251770E+01
1.232600581E+01  3.722536087E+01
1.233258144E+01  3.679835892E+01
1.233915706E+01  3.691975784E+01
1.234573268E+01  3.740597153E+01
1.235230831E+01  3.775408173E+01
1.235888393E+01  3.945481491E+01
1.236545955E+01  4.245738602E+01
1.237203518E+01  4.534627533E+01
1.237861080E+01  4.633826828E+01
1.238518642E+01  4.802516556E+01
1.239176205E+01  4.791867447E+01
1.239833767E+01  4.729613113E+01
1.240491329E+01  4.609014130E+01
1.241148892E+01  4.604971695E+01
1.241806454E+01  4.655179977E+01
1.242464016E+01  4.720281219E+01
1.243121579E+01  4.916436386E+01
1.243779141E+01  5.031290054E+01
1.244436703E+01  5.029146957E+01
1.245094266E+01  4.940571213E+01
1.245751828E+01  4.894564438E+01
1.246409390E+01  4.952843857E+01
1.247066953E+01  4.889039230E+01
1.247724515E+01  4.744701767E+01
1.248382077E+01  4.560990906E+01
1.249039640E+01  4.240980911E+01
1.249697202E+01  4.092335129E+01
1.250354764E+01  3.947718048E+01
1.251012327E+01  3.673093796E+01
1.251669889E+01  3.650979996E+01
1.252327451E+01  3.760086441E+01
1.252985014E+01  3.966523743E+01
1.253642576E+01  4.092898178E+01
1.254300138E+01  4.128563690E+01
1.254957700E+01  3.977229691E+01
1.255615263E+01  3.910037613E+01
1.256272825E+01  4.069027710E+01
1.256930387E+01  4.267724228E+01
1.257587950E+01  4.442064285E+01
1.258245512E+01  4.549322510E+01
1.258903074E+01  4.468063354E+01
1.259560637E+01  4.339155197E+01
1.260218199E+01  4.192774582E+01
1.260875761E+01  3.981557846E+01
1.261533324E+01  3.846765518E+01
1.262190886E+01  3.906561661E+01
1.262848448E+01  3.991708755E+01
1.263506011E+01  4.137900925E+01
1.264163573E+01  4.180783463E+01
1.264821135E+01  4.388179779E+01
1.265478698E+01  4.473958206E+01
1.266136260E+01  4.303207016E+01
1.266793822E+01  4.119922256E+01
1.267451385E+01  4.098908997E+01
1.268108947E+01  4.266438675E+01
1.268766509E+01  4.366799545E+01
1.269424072E+01  4.399992371E+01
1.270081634E+01  4.417580795E+01
1.270739196E+01  4.401499939E+01
1.271396759E+01  4.518791199E+01
1.272054321E+01  4.501927185E+01
1.272711883E+01  4.657060242E+01
1.273369446E+01  4.741369247E+01
1.274027008E+01  4.841818237E+01
1.274684570E+01  4.777498627E+01
1.275342133E+01  4.611644363E+01
1.275999695E+01  4.478092575E+01
1.276657257E+01  4.399891281E+01
1.277314820E+01  4.289784241E+01
1.277972382E+01  4.245134354E+01
1.278629944E+01  4.292113876E+01
1.279287507E+01  4.200302124E+01
1.279945069E+01  4.049435043E+01
1.280602631E+01  3.912510300E+01
1.281260194E+01  3.886939240E+01
1.281917756E+01  3.711832047E+01
1.282575318E+01  3.627861786E+01
1.283232881E+01  3.622674179E+01
1.283890443E+01  3.575027847E+01
1.284548005E+01  3.448446655E+01
1.285205568E+01  3.555527496E+01
1.285863130E+01  3.464189148E+01
1.286520692E+01  3.318326187E+01
1.287178255E+01  3.050164986E+01
1.287835817E+01  2.905895042E+01
1.288493379E+01  2.871599388E+01
1.289150941E+01  2.932188988E+01
1.289808504E+01  2.814420891E+01
1.290466066E+01  2.748518562E+01
1.291123628E+01  2.665291977E+01
1.291781191E+01  2.586761856E+01
1.292438753E+01  2.545447159E+01
1.293096315E+01  2.608242035E+01
1.293753878E+01  2.477050591E+01
1.294411440E+01  2.397332001E+01
1.295069002E+01  2.313373375E+01
1.295726565E+01  2.164774895E+01
1.296384127E+01  2.052025414E+01
1.297041689E+01  1.985770226E+01
1.297699252E+01  2.022113991E+01
1.298356814E+01  2.005149841E+01
1.299014376E+01  1.944254494E+01
1.299671939E+01  1.932691193E+01
1.300329501E+01  2.104543877E+01
1.300987063E+01  2.313574982E+01
1.301644626E+01  2.427804375E+01
1.302302188E+01  2.407781601E+01
1.302959750E+01  2.386517334E+01
1.303617313E+01  2.257764816E+01
1.304274875E+01  2.238080215E+01
1.304932437E+01  2.107349586E+01
1.305590000E+01  2.089014053E+01
1.306247562E+01  2.055001640E+01
1.306905124E+01  1.823382378E+01
1.307562687E+01  1.596650887E+01
1.308220249E+01  1.513238907E+01
1.308877811E+01  1.609869576E+01
1.309535374E+01  1.635082245E+01
1.310192936E+01  1.913588715E+01
1.310850498E+01  2.042658806E+01
1.311508061E+01  2.052570724E+01
1.312165623E+01  1.765594292E+01
1.312823185E+01  1.511519527E+01
1.313480748E+01  1.510223866E+01
1.314138310E+01  1.527824974E+01
1.314795872E+01  1.695382118E+01
1.315453435E+01  1.594833183E+01
1.316110997E+01  1.522862148E+01
1.316768559E+01  1.440166664E+01
1.317426122E+01  1.210569286E+01
1.318083684E+01  1.191056442E+01
1.318741246E+01  1.063175106E+01
1.319398809E+01  1.147095108E+01
1.320056371E+01  1.146482277E+01
1.320713933E+01  1.195959568E+01
1.321371495E+01  1.278147697E+01
1.322029058E+01  1.105745316E+01
1.322686620E+01  9.522422791E+00
1.323344182E+01  7.890285969E+00
1.324001745E+01  8.221620560E+00
1.324659307E+01  9.235208511E+00
1.325316869E+01  8.601490021E+00
1.325974432E+01  9.469909668E+00
1.326631994E+01  9.647625923E+00
1.327289556E+01  1.235439587E+01
1.327947119E+01  1.249161339E+01
1.328604681E+01  1.413255215E+01
1.329262243E+01  1.494520855E+01
1.329919806E+01  1.473527718E+01
1.330577368E+01  1.395591164E+01
1.331234930E+01  1.319552135E+01
1.331892493E+01  1.352054310E+01
1.332550055E+01  1.161850834E+01
1.333207617E+01  7.197458267E+00
1.333865180E+01  7.295510769E+00
1.334522742E+01  8.885846138E+00
1.335180304E+01  9.954338074E+00
1.335837867E+01  1.089995003E+01
1.336495429E+01  1.115436077E+01
1.337152991E+01  1.236458302E+01
1.337810554E+01  1.272401619E+01
1.338468116E+01  1.344071007E+01
1.339125678E+01  1.330621433E+01
1.339783241E+01  1.371315098E+01
1.340440803E+01  1.660248375E+01
1.341098365E+01  1.977016258E+01
1.341755928E+01  2.210100174E+01
1.342413490E+01  2.327815437E+01
1.343071052E+01  2.597062302E+01
1.343728615E+01  2.992503929E+01
1.344386177E+01  3.281382370E+01
1.345043739E+01  3.595636368E+01
1.345701302E+01  3.861590195E+01
1.346358864E+01  4.134083557E+01
1.347016426E+01  4.488805771E+01
1.347673989E+01  4.852666855E+01
1.348331551E+01  5.176111603E+01
1.348989113E+01  5.660464859E+01
1.349646676E+01  6.200165558E+01
1.350304238E+01  6.637211609E+01
1.350961800E+01  7.073025513E+01
1.351619363E+01  7.437786865E+01
1.352276925E+01  7.822860718E+01
1.352934487E+01  8.425955963E+01
1.353592050E+01  9.102937317E+01
1.354249612E+01  9.834914398E+01
1.354907174E+01  1.066173477E+02
1.355564736E+01  1.133076706E+02
1.356222299E+01  1.211569824E+02
1.356879861E+01  1.269695053E+02
1.357537423E+01  1.345973511E+02
1.358194986E+01  1.417016907E+02
1.358852548E+01  1.494846954E+02
1.359510110E+01  1.574005127E+02
1.360167673E+01  1.656078491E+02
1.360825235E+01  1.739041290E+02
1.361482797E+01  1.837502899E+02
1.362140360E+01  1.946639404E+02
1.362797922E+01  2.049458923E+02
1.363455484E+01  2.151938171E+02
1.364113047E+01  2.243427734E+02
1.364770609E+01  2.343517914E+02
1.365428171E+01  2.466026917E+02
1.366085734E+01  2.600427551E+02
1.366743296E+01  2.749205322E+02
1.367400858E+01  2.874240112E+02
1.368058421E+01  3.000366211E+02
1.368715983E+01  3.111835938E+02
1.369373545E+01  3.240168457E+02
1.370031108E+01  3.348331909E+02
1.370688670E+01  3.494715576E+02
1.371346232E+01  3.614402161E+02
1.372003795E+01  3.736810303E+02
1.372661357E+01  3.825089722E+02
1.373318919E+01  3.917013855E+02
1.373976482E+01  3.968705139E+02
1.374634044E+01  3.993474426E+02
1.375291606E+01  3.982649536E+02
1.375949169E+01  4.052178040E+02
1.376606731E+01  4.046854248E+02
1.377264293E+01  3.995804443E+02
1.377921856E+01  3.934277344E+02
1.378579418E+01  3.841652832E+02
1.379236980E+01  3.709864197E+02
1.379894543E+01  3.597598267E+02
1.380552105E+01  3.492989502E+02
1.381209667E+01  3.424167786E+02
1.381867230E+01  3.357407532E+02
1.382524792E+01  3.290940552E+02
1.383182354E+01  3.217887573E+02
1.383839917E+01  3.142872314E+02
1.384497479E+01  3.077017517E+02
1.385155041E+01  3.007413330E+02
1.385812604E+01  2.944581909E+02
1.386470166E+01  2.869387512E+02
1.387127728E+01  2.789075928E+02
1.387785290E+01  2.715879211E+02
1.388442853E+01  2.638785706E+02
1.389100415E+01  2.534939728E+02
1.389757977E+01  2.422533875E+02
1.390415540E+01  2.334551849E+02
1.391073102E+01  2.252097015E+02
1.391730664E+01  2.163342896E+02
1.392388227E+01  2.058592224E+02
1.393045789E+01  1.961287384E+02
1.393703351E+01  1.885690765E+02
1.394360914E+01  1.813218231E+02
1.395018476E+01  1.749123535E+02
1.395676038E+01  1.677532501E+02
1.396333601E+01  1.608742828E+02
1.396991163E+01  1.542158356E+02
1.397648725E+01  1.474258423E+02
1.398306288E+01  1.429383545E+02
1.398963850E+01  1.400375366E+02
1.399621412E+01  1.363390503E+02
1.400278975E+01  1.307720795E+02
1.400936537E+01  1.252667542E+02
1.401594099E+01  1.198982391E+02
1.402251662E+01  1.141410828E+02
1.402909224E+01  1.090157623E+02
1.403566786E+01  1.038039627E+02
1.404224349E+01  9.855299377E+01
1.404881911E+01  9.299571228E+01
1.405539473E+01  8.956468964E+01
1.406197036E+01  8.663339233E+01
1.406854598E+01  8.311486053E+01
1.407512160E+01  7.993871307E+01
1.408169723E+01  7.635585785E+01
1.408827285E+01  7.237600708E+01
1.409484847E+01  6.889167023E+01
1.410142410E+01  6.681439209E+01
1.410799972E+01  6.415682220E+01
1.411457534E+01  6.128605652E+01
1.412115097E+01  5.949403381E+01
1.412772659E+01  5.696622467E+01
1.413430221E+01  5.402091980E+01
1.414087784E+01  5.219613647E+01
1.414745346E+01  4.951524353E+01
1.415402908E+01  4.741225052E+01
1.416060471E+01  4.524402618E+01
1.416718033E+01  4.438549805E+01
1.417375595E+01  4.232146454E+01
1.418033158E+01  3.964414597E+01
1.418690720E+01  3.724019623E+01
1.419348282E+01  3.452409744E+01
1.420005844E+01  3.240985489E+01
1.420663407E+01  3.056976700E+01
1.421320969E+01  2.991344643E+01
1.421978531E+01  2.895889664E+01
1.422636094E+01  2.771143532E+01
1.423293656E+01  2.620372200E+01
1.423951218E+01  2.558072472E+01
1.424608781E+01  2.548398972E+01
1.425266343E+01  2.358192635E+01
1.425923905E+01  2.164792252E+01
1.426581468E+01  2.008330154E+01
1.427239030E+01  1.814973259E+01
1.427896592E+01  1.754541397E+01
1.428554155E+01  1.714237595E+01
1.429211717E+01  1.666469574E+01
1.429869279E+01  1.661037827E+01
1.430526842E+01  1.613075256E+01
1.431184404E+01  1.626679230E+01
1.431841966E+01  1.577724838E+01
1.432499529E+01  1.374655533E+01
1.433157091E+01  1.234215355E+01
1.433814653E+01  1.167777538E+01
1.434472216E+01  1.092672157E+01
1.435129778E+01  1.079451942E+01
1.435787340E+01  1.157702732E+01
1.436444903E+01  1.070194054E+01
1.437102465E+01  1.019802570E+01
1.437760027E+01  1.122930622E+01
1.438417590E+01  1.143587399E+01
1.439075152E+01  9.596494675E+00
1.439732714E+01  8.483584404E+00
1.440390277E+01  7.160086155E+00
1.441047839E+01  7.305151463E+00
1.441705401E+01  7.581818104E+00
1.442362964E+01  8.238571167E+00
1.443020526E+01  8.033659935E+00
1.443678088E+01  7.443106174E+00
1.444335651E+01  5.223692417E+00
1.444993213E+01  5.015987873E+00
1.445650775E+01  5.983999729E+00
1.446308338E+01  5.116439819E+00
1.446965900E+01  4.058268547E+00
1.447623462E+01  4.148782730E+00
1.448281025E+01  5.907453537E+00
1.448938587E+01  6.909903526E+00
1.449596149E+01  7.908024788E+00
1.450253712E+01  8.170798302E+00
1.450911274E+01  8.014081955E+00
1.451568836E+01  7.413398266E+00
1.452226399E+01  6.657260418E+00
1.452883961E+01  6.291995049E+00
1.453541523E+01  5.085607052E+00
1.454199085E+01  5.278272152E+00
1.454856648E+01  5.603329182E+00
1.455514210E+01  7.094412804E+00
1.456171772E+01  7.777833462E+00
1.456829335E+01  6.541231632E+00
1.457486897E+01  6.274692059E+00
1.458144459E+01  7.211072445E+00
1.458802022E+01  7.217999935E+00
1.459459584E+01  7.411638260E+00
1.460117146E+01  6.505320549E+00
1.460774709E+01  5.704571247E+00
1.461432271E+01  5.495189667E+00
1.462089833E+01  6.085144520E+00
1.462747396E+01  6.997350216E+00
1.463404958E+01  7.320152283E+00
1.464062520E+01  6.916312218E+00
1.464720083E+01  7.226720333E+00
1.465377645E+01  6.879767895E+00
1.466035207E+01  6.879337311E+00
1.466692770E+01  6.911930561E+00
1.467350332E+01  7.663562775E+00
1.468007894E+01  8.574646950E+00
1.468665457E+01  9.252099991E+00
1.469323019E+01  9.950790405E+00
1.469980581E+01  9.975882530E+00
1.470638144E+01  9.897189140E+00
1.471295706E+01  9.304543495E+00
1.471953268E+01  9.257994652E+00
1.472610831E+01  7.182340145E+00
1.473268393E+01  7.696712017E+00
1.473925955E+01  8.616044998E+00
1.474583518E+01  1.003603554E+01
1.475241080E+01  9.050424576E+00
1.475898642E+01  8.401882172E+00
1.476556205E+01  7.446845055E+00
1.477213767E+01  8.200929642E+00
1.477871329E+01  7.813053131E+00
1.478528892E+01  6.972658157E+00
1.479186454E+01  7.767135620E+00
1.479844016E+01  8.941102028E+00
1.480501579E+01  9.790441513E+00
1.481159141E+01  1.080049038E+01
1.481816703E+01  9.891154289E+00
1.482474266E+01  8.663976669E+00
1.483131828E+01  8.524211884E+00
1.483789390E+01  9.835118294E+00
1.484446953E+01  9.554680824E+00
1.485104515E+01  9.553480148E+00
1.485762077E+01  9.671821594E+00
1.486419639E+01  9.503426552E+00
1.487077202E+01  1.097648907E+01
1.487734764E+01  1.135464954E+01
1.488392326E+01  1.118914509E+01
1.489049889E+01  1.189303017E+01
1.489707451E+01  1.142232323E+01
1.490365013E+01  1.092396355E+01
1.491022576E+01  9.066372871E+00
1.491680138E+01  7.271389484E+00
1.492337700E+01  6.371009350E+00
1.492995263E+01  8.063438416E+00
1.493652825E+01  9.187508583E+00
1.494310387E+01  1.089601707E+01
1.494967950E+01  1.183248329E+01
1.495625512E+01  1.143095589E+01
1.496283074E+01  1.036083603E+01
1.496940637E+01  9.120139122E+00
1.497598199E+01  8.719577789E+00
1.498255761E+01  8.768498421E+00
1.498913324E+01  9.546171188E+00
1.499570886E+01  1.054573727E+01
1.500228448E+01  1.105916595E+01
1.500886011E+01  1.287110519E+01
1.501543573E+01  1.403964233E+01
1.502201135E+01  1.439679337E+01
1.502858698E+01  1.436588573E+01
1.503516260E+01  1.301673317E+01
1.504173822E+01  1.190303993E+01
1.504831385E+01  1.029091167E+01
1.505488947E+01  9.423999786E+00
1.506146509E+01  8.921933174E+00
1.506804072E+01  9.842329025E+00
1.507461634E+01  1.041468525E+01
1.508119196E+01  1.075082493E+01
1.508776759E+01  1.048161507E+01
1.509434321E+01  9.645639420E+00
1.510091883E+01  1.029222775E+01
1.510749446E+01  1.177832699E+01
1.511407008E+01  1.145258331E+01
1.512064570E+01  1.178620529E+01
1.512722133E+01  1.053702068E+01
1.513379695E+01  8.884735107E+00
1.514037257E+01  7.811298847E+00
1.514694820E+01  8.566242218E+00
1.515352382E+01  8.634933472E+00
1.516009944E+01  9.231746674E+00
1.516667507E+01  8.773689270E+00
1.517325069E+01  9.495640755E+00
1.517982631E+01  8.459628105E+00
1.518640194E+01  8.656876564E+00
1.519297756E+01  8.619133949E+00
1.519955318E+01  8.447487831E+00
1.520612880E+01  7.785500526E+00
1.521270443E+01  7.054565430E+00
1.521928005E+01  7.268360138E+00
1.522585567E+01  7.035772800E+00
1.523243130E+01  8.509148598E+00
1.523900692E+01  7.823251247E+00
1.524558254E+01  8.161670685E+00
1.525215817E+01  8.254867554E+00
1.525873379E+01  9.112600327E+00
1.526530941E+01  1.006249332E+01
1.527188504E+01  1.035599899E+01
1.527846066E+01  9.618589401E+00
1.528503628E+01  7.241361141E+00
1.529161191E+01  6.149097919E+00
1.529818753E+01  5.783185482E+00
1.530476315E+01  6.363815308E+00
1.531133878E+01  7.051119328E+00
1.531791440E+01  8.653177261E+00
1.532449002E+01  8.898966789E+00
1.533106565E+01  8.819220543E+00
1.533764127E+01  8.676606178E+00
1.534421689E+01  9.046779633E+00
1.535079252E+01  8.839379311E+00
1.535736814E+01  9.481623650E+00
1.536394376E+01  9.580416679E+00
1.537051939E+01  8.827137947E+00
1.537709501E+01  8.219808578E+00
1.538367063E+01  7.378030300E+00
1.539024626E+01  6.885276318E+00
1.539682188E+01  6.812324524E+00
1.540339750E+01  7.119115829E+00
1.540997313E+01  8.021451950E+00
1.541654875E+01  8.221464157E+00
1.542312437E+01  7.400779724E+00
1.542970000E+01  7.164368153E+00
1.543627562E+01  6.086928368E+00
1.544285124E+01  5.828122139E+00
1.544942687E+01  5.627693176E+00
1.545600249E+01  4.236618996E+00
1.546257811E+01  4.163691998E+00
1.546915374E+01  4.107650280E+00
1.547572936E+01  4.546531200E+00
1.548230498E+01  4.625368595E+00
1.548888061E+01  3.633729458E+00
1.549545623E+01  4.593119621E+00
1.550203185E+01  4.267233849E+00
1.550860748E+01  3.894381523E+00
1.551518310E+01  3.465315104E+00
1.552175872E+01  3.708095551E+00
1.552833434E+01  2.591509819E+00
1.553490997E+01  2.084347725E+00
1.554148559E+01  1.044073462E+00
1.554806121E+01  4.570609629E-01
1.555463684E+01  -4.383601844E-01
1.556121246E+01  7.421382666E-01
1.556778808E+01  2.659742594E+00
1.557436371E+01  4.550348282E+00
1.558093933E+01  5.224072456E+00
1.558751495E+01  6.896307468E+00
1.559409058E+01  6.937232494E+00
1.560066620E+01  6.125232697E+00
1.560724182E+01  4.276291847E+00
1.561381745E+01  4.417333126E+00
1.562039307E+01  6.052820683E+00
1.562696869E+01  6.981654167E+00
1.563354432E+01  7.013964176E+00
1.564011994E+01  6.350996017E+00
1.564669556E+01  4.407864571E+00
1.565327119E+01  2.466871738E+00
1.565984681E+01  2.499286890E+00
1.566642243E+01  3.800109863E+00
1.567299806E+01  5.527623177E+00
1.567957368E+01  5.446555614E+00
1.568614930E+01  4.455913544E+00
1.569272493E+01  2.970818281E+00
1.569930055E+01  2.571430206E+00
1.570587617E+01  3.516621590E+00
1.571245180E+01  4.405108929E+00
1.571902742E+01  5.590492725E+00
1.572560304E+01  5.685161591E+00
1.573217867E+01  6.783440113E+00
1.573875429E+01  7.234533787E+00
1.574532991E+01  7.375932217E+00
1.575190554E+01  7.035356998E+00
1.575848116E+01  7.700688362E+00
1.576505678E+01  7.161074638E+00
1.577163241E+01  7.349708080E+00
1.577820803E+01  7.732982635E+00
1.578478365E+01  8.529247284E+00
1.579135928E+01  9.151183128E+00
1.579793490E+01  9.072022438E+00
1.580451052E+01  8.980324745E+00
1.581108615E+01  1.025703430E+01
1.581766177E+01  1.123719501E+01
1.582423739E+01  1.262254810E+01
1.583081302E+01  1.446298122E+01
1.583738864E+01  1.620681572E+01
1.584396426E+01  1.639123917E+01
1.585053988E+01  1.791086006E+01
1.585711551E+01  1.755530739E+01
1.586369113E+01  1.839789391E+01
1.587026675E+01  1.973068619E+01
1.587684238E+01  2.065189743E+01
1.588341800E+01  2.138181305E+01
1.588999362E+01  2.296200180E+01
1.589656925E+01  2.501557541E+01
1.590314487E+01  2.722423744E+01
1.590972049E+01  2.917105293E+01
1.591629612E+01  3.045178604E+01
1.592287174E+01  3.347274017E+01
1.592944736E+01  3.709920120E+01
1.593602299E+01  4.215544128E+01
1.594259861E+01  4.652774048E+01
1.594917423E+01  5.065559387E+01
1.595574986E+01  5.493162537E+01
1.596232548E+01  5.825822830E+01
1.596890110E+01  6.230584335E+01
1.597547673E+01  6.743340302E+01
1.598205235E+01  7.615314484E+01
1.598862797E+01  8.302565765E+01
1.599520360E+01  9.128193665E+01
1.600177922E+01  9.811731720E+01
1.600835484E+01  1.062427750E+02
1.601493047E+01  1.143922348E+02
1.602150609E+01  1.238806534E+02
1.602808171E+01  1.341992950E+02
1.603465734E+01  1.455981598E+02
1.604123296E+01  1.557208710E+02
1.604780858E+01  1.671196747E+02
1.605438421E+01  1.786315460E+02
1.606095983E+01  1.918790436E+02
1.606753545E+01  2.036166229E+02
1.607411108E+01  2.164468384E+02
1.608068670E+01  2.282960205E+02
1.608726232E+01  2.424004974E+02
1.609383795E+01  2.546866150E+02
1.610041357E+01  2.674473572E+02
1.610698919E+01  2.800655823E+02
1.611356482E+01  2.944119568E+02
1.612014044E+01  3.060348206E+02
1.612671606E+01  3.181603394E+02
1.613329169E+01  3.293505554E+02
1.613986731E+01  3.406167297E+02
1.614644293E+01  3.504379578E+02
1.615301856E+01  3.608587036E+02
1.615959418E+01  3.716177673E+02
1.616616980E+01  3.841502991E+02
1.617274543E+01  3.951516113E+02
1.617932105E+01  4.060456543E+02
1.618589667E+01  4.147235413E+02
1.619247229E+01  4.225207825E+02
1.619904792E+01  4.296474304E+02
1.620562354E+01  4.345663757E+02
1.621219916E+01  4.377806396E+02
1.621877479E+01  4.387585144E+02
1.622535041E+01  4.339404907E+02
1.623192603E+01  4.257982788E+02
1.623850166E+01  4.142113037E+02
1.624507728E+01  3.991088562E+02
1.625165290E+01  3.814318542E+02
1.625822853E+01  3.611974487E+02
1.626480415E+01  3.412899475E+02
1.627137977E+01  3.253216858E+02
1.627795540E+01  3.126823120E+02
1.628453102E+01  3.007405090E+02
1.629110664E+01  2.901970215E+02
1.629768227E+01  2.806021118E+02
1.630425789E+01  2.679231262E+02
1.631083351E+01  2.545814209E+02
1.631740914E+01  2.419427338E+02
1.632398476E+01  2.291896820E+02
1.633056038E+01  2.186284180E+02
1.633713601E+01  2.070792694E+02
1.634371163E+01  1.967155457E+02
1.635028725E+01  1.859088135E+02
1.635686288E+01  1.743363342E+02
1.636343850E+01  1.633330231E+02
1.637001412E+01  1.527274933E+02
1.637658975E+01  1.447199249E+02
1.638316537E+01  1.348000183E+02
1.638974099E+01  1.257539139E+02
1.639631662E+01  1.174888000E+02
1.640289224E+01  1.104738922E+02
1.640946786E+01  1.028380814E+02
1.641604349E+01  9.548611450E+01
1.642261911E+01  8.947511292E+01
1.642919473E+01  8.269762421E+01
1.643577036E+01  7.600568390E+01
1.644234598E+01  7.106821442E+01
1.644892160E+01  6.914691162E+01
1.645549723E+01  6.588923645E+01
1.646207285E+01  6.170922089E+01
1.646864847E+01  5.619865417E+01
1.647522410E+01  5.277208328E+01
1.648179972E+01  4.854424286E+01
1.648837534E+01  4.445507050E+01
1.649495097E+01  4.131949997E+01
1.650152659E+01  3.794857025E+01
1.650810221E+01  3.580468369E+01
1.651467783E+01  3.374868393E+01
1.652125346E+01  3.349346161E+01
1.652782908E+01  3.384029388E+01
1.653440470E+01  3.476770401E+01
1.654098033E+01  3.484113312E+01
1.654755595E+01  3.501907730E+01
1.655413157E+01  3.611404800E+01
1.656070720E+01  3.775105667E+01
1.656728282E+01  3.985979080E+01
1.657385844E+01  4.080012512E+01
1.658043407E+01  4.121415329E+01
1.658700969E+01  4.229621506E+01
1.659358531E+01  4.279532623E+01
1.660016094E+01  4.468708038E+01
1.660673656E+01  4.739285660E+01
1.661331218E+01  4.906254578E+01
1.661988781E+01  5.122836304E+01
1.662646343E+01  5.427212906E+01
1.663303905E+01  5.634666061E+01
1.663961468E+01  5.871755219E+01
1.664619030E+01  5.963428879E+01
1.665276592E+01  6.211685944E+01
1.665934155E+01  6.402655792E+01
1.666591717E+01  6.807134247E+01
1.667249279E+01  6.942158508E+01
1.667906842E+01  7.266316986E+01
1.668564404E+01  7.598696136E+01
1.669221966E+01  7.991438293E+01
1.669879529E+01  8.356549835E+01
1.670537091E+01  8.721661377E+01
1.671194653E+01  9.006784821E+01
1.671852216E+01  9.304296875E+01
1.672509778E+01  9.692949677E+01
1.673167340E+01  1.001096954E+02
1.673824903E+01  1.023036880E+02
1.674482465E+01  1.061847610E+02
1.675140027E+01  1.100233383E+02
1.675797590E+01  1.127968826E+02
1.676455152E+01  1.151327744E+02
1.677112714E+01  1.153468628E+02
1.677770277E+01  1.169459000E+02
1.678427839E+01  1.186769028E+02
1.679085401E+01  1.200217438E+02
1.679742964E+01  1.225858231E+02
1.680400526E+01  1.256474075E+02
1.681058088E+01  1.296986237E+02
1.681715651E+01  1.353375854E+02
1.682373213E+01  1.393454895E+02
1.683030775E+01  1.419161224E+02
1.683688338E+01  1.437960358E+02
1.684345900E+01  1.483831635E+02
1.685003462E+01  1.533410187E+02
1.685661024E+01  1.574259491E+02
1.686318587E+01  1.618732452E+02
1.686976149E+01  1.660208130E+02
1.687633711E+01  1.684262238E+02
1.688291274E+01  1.684820404E+02
1.688948836E+01  1.681340485E+02
1.689606398E+01  1.638563538E+02
1.690263961E+01  1.575131836E+02
1.690921523E+01  1.510781708E+02
1.691579085E+01  1.455141907E+02
1.692236648E+01  1.383504944E+02
1.692894210E+01  1.312950897E+02
1.693551772E+01  1.226736298E+02
1.694209335E+01  1.152844315E+02
1.694866897E+01  1.110937653E+02
1.695524459E+01  1.083315811E+02
1.696182022E+01  1.048616104E+02
1.696839584E+01  9.978683472E+01
1.697497146E+01  9.614090729E+01
1.698154709E+01  9.237346649E+01
1.698812271E+01  8.881552124E+01
1.699469833E+01  8.458077240E+01
1.700127396E+01  7.952999878E+01
1.700784958E+01  7.495999908E+01
1.701442520E+01  7.059725952E+01
1.702100083E+01  6.715117645E+01
1.702757645E+01  6.471149445E+01
1.703415207E+01  6.317316055E+01
1.704072770E+01  6.192523575E+01
1.704730332E+01  5.865219879E+01
1.705387894E+01  5.570942307E+01
1.706045457E+01  5.299427032E+01
1.706703019E+01  5.049150848E+01
1.707360581E+01  4.818639374E+01
1.708018144E+01  4.460373306E+01
1.708675706E+01  4.125417328E+01
1.709333268E+01  3.919670868E+01
1.709990831E+01  3.717245483E+01
1.710648393E+01  3.499236298E+01
1.711305955E+01  3.297471619E+01
1.711963518E+01  3.106914520E+01
1.712621080E+01  2.918035889E+01
1.713278642E+01  2.714130402E+01
1.713936205E+01  2.603248596E+01
1.714593767E+01  2.498812866E+01
1.715251329E+01  2.325427628E+01
1.715908892E+01  2.056233597E+01
1.716566454E+01  2.018814850E+01
1.717224016E+01  2.062484932E+01
1.717881578E+01  2.019516563E+01
1.718539141E+01  1.819791031E+01
1.719196703E+01  1.468628788E+01
1.719854265E+01  1.274134350E+01
1.720511828E+01  1.282449627E+01
1.721169390E+01  1.297138500E+01
1.721826952E+01  1.352575874E+01
1.722484515E+01  1.202179432E+01
1.723142077E+01  9.614764214E+00
1.723799639E+01  7.340313435E+00
1.724457202E+01  5.563183308E+00
1.725114764E+01  4.970870495E+00
1.725772326E+01  5.953991413E+00
1.726429889E+01  7.413903236E+00
1.727087451E+01  9.450199127E+00
1.727745013E+01  9.283074379E+00
1.728402576E+01  8.463772774E+00
1.729060138E+01  7.339431763E+00
1.729717700E+01  5.871439934E+00
1.730375263E+01  5.230652332E+00
1.731032825E+01  5.250027180E+00
1.731690387E+01  4.250798225E+00
1.732347950E+01  3.411127090E+00
1.733005512E+01  4.292469501E+00
1.733663074E+01  3.755105019E+00
1.734320637E+01  3.021612644E+00
1.734978199E+01  3.663689375E+00
1.735635761E+01  4.783301353E+00
1.736293324E+01  5.369132519E+00
1.736950886E+01  2.966992855E+00
1.737608448E+01  1.291638613E+00
1.738266011E+01  9.977673888E-01
1.738923573E+01  1.125332713E+00
1.739581135E+01  6.498376131E-01
1.740238698E+01  2.031652689E+00
1.740896260E+01  3.364942312E+00
1.741553822E+01  2.744853497E+00
1.742211385E+01  1.455504656E+00
1.742868947E+01  1.300065398E+00
1.743526509E+01  5.367914438E-01
1.744184072E+01  6.954321861E-01
1.744841634E+01  1.449789405E+00
1.745499196E+01  1.031291723E+00
1.746156759E+01  1.696768880E+00
1.746814321E+01  7.772789598E-01
1.747471883E+01  1.019417405E+00
1.748129446E+01  1.153676033E+00
1.748787008E+01  5.126065016E-01
1.749444570E+01  2.447195724E-02
1.750102132E+01  6.732074022E-01
1.750759695E+01  1.319707751E+00
1.751417257E+01  2.960615635E+00
1.752074819E+01  4.157520294E+00
1.752732382E+01  3.676603079E+00
1.753389944E+01  2.654165745E+00
1.754047506E+01  1.839791656E+00
1.754705069E+01  1.370758891E+00
1.755362631E+01  2.147527218E+00
1.756020193E+01  2.280514479E+00
1.756677756E+01  3.031988859E+00
1.757335318E+01  3.252104521E+00
1.757992880E+01  3.951164961E+00
1.758650443E+01  4.903137684E+00
1.759308005E+01  5.268701553E+00
1.759965567E+01  4.844756603E+00
1.760623130E+01  4.029756546E+00
1.761280692E+01  4.543434143E+00
1.761938254E+01  5.471724510E+00
1.762595817E+01  6.712076664E+00
1.763253379E+01  7.515934944E+00
1.763910941E+01  8.165496826E+00
1.764568504E+01  8.664145470E+00
1.765226066E+01  8.380978584E+00
1.765883628E+01  7.796905994E+00
1.766541191E+01  7.279551983E+00
1.767198753E+01  8.666752815E+00
1.767856315E+01  8.602009773E+00
1.768513878E+01  9.250306129E+00
1.769171440E+01  9.466569901E+00
1.769829002E+01  9.397237778E+00
1.770486565E+01  8.863554001E+00
1.771144127E+01  9.216555595E+00
1.771801689E+01  1.070621300E+01
1.772459252E+01  1.245066929E+01
1.773116814E+01  1.312911415E+01
1.773774376E+01  1.345687866E+01
1.774431939E+01  1.243543816E+01
1.775089501E+01  1.202770805E+01
1.775747063E+01  1.227620220E+01
1.776404626E+01  1.302032280E+01
1.777062188E+01  1.325866222E+01
1.777719750E+01  1.398542976E+01
1.778377313E+01  1.303761482E+01
1.779034875E+01  1.451296234E+01
1.779692437E+01  1.357269669E+01
1.780350000E+01  1.314562607E+01
1.781007562E+01  1.369474602E+01
1.781665124E+01  1.543793106E+01
1.782322687E+01  1.573368549E+01
1.782980249E+01  1.611335945E+01
1.783637811E+01  1.783095932E+01
1.784295373E+01  1.893735886E+01
1.784952936E+01  1.916115570E+01
1.785610498E+01  1.785447693E+01
1.786268060E+01  1.695928001E+01
1.786925623E+01  1.540335369E+01
1.787583185E+01  1.483810234E+01
1.788240747E+01  1.507751465E+01
1.788898310E+01  1.508009911E+01
1.789555872E+01  1.634487343E+01
1.790213434E+01  1.687963104E+01
1.790870997E+01  1.724439812E+01
1.791528559E+01  1.701676750E+01
1.792186121E+01  1.783242416E+01
1.792843684E+01  1.963270569E+01
1.793501246E+01  2.066070175E+01
1.794158808E+01  2.101105690E+01
1.794816371E+01  2.122470284E+01
1.795473933E+01  2.113944244E+01
1.796131495E+01  2.053058052E+01
1.796789058E+01  2.035164642E+01
1.797446620E+01  1.979787636E+01
1.798104182E+01  1.964019966E+01
1.798761745E+01  1.924183846E+01
1.799419307E+01  1.910567665E+01
1.800076869E+01  1.873315048E+01
1.800734432E+01  1.940598297E+01
1.801391994E+01  2.009927368E+01
1.802049556E+01  1.990435028E+01
1.802707119E+01  2.106392860E+01
1.803364681E+01  2.193450737E+01
1.804022243E+01  2.330717278E+01
1.804679806E+01  2.258387184E+01
1.805337368E+01  2.224517441E+01
1.805994930E+01  2.163250351E+01
1.806652493E+01  2.206043816E+01
1.807310055E+01  2.085430145E+01
1.807967617E+01  2.089606667E+01
1.808625180E+01  2.193977737E+01
1.809282742E+01  2.138986397E+01
1.809940304E+01  2.112536240E+01
1.810597867E+01  2.142275810E+01
1.811255429E+01  2.227385902E+01
1.811912991E+01  2.292924500E+01
1.812570554E+01  2.238020515E+01
1.813228116E+01  2.050862885E+01
1.813885678E+01  2.163925552E+01
1.814543241E+01  2.216419220E+01
1.815200803E+01  2.127092171E+01
1.815858365E+01  2.083148384E+01
1.816515927E+01  2.095568275E+01
1.817173490E+01  2.154969215E+01
1.817831052E+01  2.166077805E+01
1.818488614E+01  2.178003502E+01
1.819146177E+01  2.166514778E+01
1.819803739E+01  2.115191841E+01
1.820461301E+01  2.175826645E+01
1.821118864E+01  2.380973244E+01
1.821776426E+01  2.541749573E+01
1.822433988E+01  2.523571968E+01
1.823091551E+01  2.493810272E+01
1.823749113E+01  2.427160835E+01
1.824406675E+01  2.338750648E+01
1.825064238E+01  2.214510727E+01
1.825721800E+01  2.236662865E+01
1.826379362E+01  2.272051239E+01
1.827036925E+01  2.338694572E+01
1.827694487E+01  2.379467964E+01
1.828352049E+01  2.370599365E+01
1.829009612E+01  2.458387375E+01
1.829667174E+01  2.418332672E+01
1.830324736E+01  2.386924553E+01
1.830982299E+01  2.252265549E+01
1.831639861E+01  2.205975151E+01
1.832297423E+01  2.285571861E+01
1.832954986E+01  2.515684891E+01
1.833612548E+01  2.522260475E+01
1.834270110E+01  2.511859894E+01
1.834927673E+01  2.588552666E+01
1.835585235E+01  2.698398399E+01
1.836242797E+01  2.740432930E+01
1.836900360E+01  2.672136116E+01
1.837557922E+01  2.485359192E+01
1.838215484E+01  2.458571434E+01
1.838873047E+01  2.513645935E+01
1.839530609E+01  2.527823257E+01
1.840188171E+01  2.588593674E+01
1.840845734E+01  2.712399292E+01
1.841503296E+01  2.655717659E+01
1.842160858E+01  2.733128929E+01
1.842818421E+01  2.664044952E+01
1.843475983E+01  2.711625671E+01
1.844133545E+01  2.723356819E+01
1.844791108E+01  2.589887619E+01
1.845448670E+01  2.508508682E+01
1.846106232E+01  2.526512146E+01
1.846763795E+01  2.659015083E+01
1.847421357E+01  2.695795631E+01
1.848078919E+01  2.674487114E+01
1.848736482E+01  2.588440704E+01
1.849394044E+01  2.560016060E+01
1.850051606E+01  2.595708466E+01
1.850709168E+01  2.577360535E+01
1.851366731E+01  2.596439362E+01
1.852024293E+01  2.481867599E+01
1.852681855E+01  2.386595917E+01
1.853339418E+01  2.396830750E+01
1.853996980E+01  2.352248001E+01
1.854654542E+01  2.346725082E+01
1.855312105E+01  2.447967720E+01
1.855969667E+01  2.572119522E+01
1.856627229E+01  2.593818092E+01
1.857284792E+01  2.537259293E+01
1.857942354E+01  2.534740257E+01
1.858599916E+01  2.600193596E+01
1.859257479E+01  2.569812584E+01
1.859915041E+01  2.487985992E+01
1.860572603E+01  2.425024033E+01
1.861230166E+01  2.364364433E+01
1.861887728E+01  2.299788666E+01
1.862545290E+01  2.252367210E+01
1.863202853E+01  2.275195122E+01
1.863860415E+01  2.401391792E+01
1.864517977E+01  2.353281403E+01
1.865175540E+01  2.455822372E+01
1.865833102E+01  2.556775284E+01
1.866490664E+01  2.689105988E+01
1.867148227E+01  2.765422058E+01
1.867805789E+01  2.733443069E+01
1.868463351E+01  2.587426949E+01
1.869120914E+01  2.498544502E+01
1.869778476E+01  2.488120651E+01
1.870436038E+01  2.456201744E+01
1.871093601E+01  2.432043076E+01
1.871751163E+01  2.410974121E+01
1.872408725E+01  2.577592850E+01
1.873066288E+01  2.689015007E+01
1.873723850E+01  2.646846962E+01
1.874381412E+01  2.466079140E+01
1.875038975E+01  2.271471405E+01
1.875696537E+01  2.103751945E+01
1.876354099E+01  2.107357979E+01
1.877011662E+01  2.107435417E+01
1.877669224E+01  1.950266075E+01
1.878326786E+01  1.967034149E+01
1.878984349E+01  1.978658867E+01
1.879641911E+01  2.039834404E+01
1.880299473E+01  2.030339050E+01
1.880957036E+01  2.007914162E+01
1.881614598E+01  1.999036407E+01
1.882272160E+01  2.028997231E+01
1.882929722E+01  2.074443245E+01
1.883587285E+01  2.055322838E+01
1.884244847E+01  1.964478111E+01
1.884902409E+01  1.830345345E+01
1.885559972E+01  1.809194946E+01
1.886217534E+01  1.793582535E+01
1.886875096E+01  1.806152916E+01
1.887532659E+01  1.816781998E+01
1.888190221E+01  1.554494667E+01
1.888847783E+01  1.336715603E+01
1.889505346E+01  1.200324821E+01
1.890162908E+01  1.255174541E+01
1.890820470E+01  1.411382675E+01
1.891478033E+01  1.446615696E+01
1.892135595E+01  1.330743313E+01
1.892793157E+01  1.281302166E+01
1.893450720E+01  1.278773117E+01
1.894108282E+01  1.279172039E+01
1.894765844E+01  1.273857021E+01
1.895423407E+01  1.387177563E+01
1.896080969E+01  1.430813503E+01
1.896738531E+01  1.455038834E+01
1.897396094E+01  1.347936153E+01
1.898053656E+01  1.231683159E+01
1.898711218E+01  1.157621193E+01
1.899368781E+01  1.134479809E+01
1.900026343E+01  1.133118248E+01
1.900683905E+01  1.163192749E+01
1.901341468E+01  1.153732967E+01
1.901999030E+01  1.046805191E+01
1.902656592E+01  9.610506058E+00
1.903314155E+01  9.770496368E+00
1.903971717E+01  9.170703888E+00
1.904629279E+01  8.540636063E+00
1.905286842E+01  9.380378723E+00
1.905944404E+01  9.580754280E+00
1.906601966E+01  9.293927193E+00
1.907259529E+01  8.198489189E+00
1.907917091E+01  8.299162865E+00
1.908574653E+01  8.341197014E+00
1.909232216E+01  8.988886833E+00
1.909889778E+01  8.910304070E+00
1.910547340E+01  8.540240288E+00
1.911204903E+01  9.754765511E+00
1.911862465E+01  1.169523716E+01
1.912520027E+01  1.164215660E+01
1.913177590E+01  1.245696926E+01
1.913835152E+01  1.289309883E+01
1.914492714E+01  1.237144566E+01
1.915150276E+01  1.223158169E+01
1.915807839E+01  1.361635971E+01
1.916465401E+01  1.529460144E+01
1.917122963E+01  1.646480751E+01
1.917780526E+01  1.680255699E+01
1.918438088E+01  1.805083084E+01
1.919095650E+01  1.875333405E+01
1.919753213E+01  1.976011276E+01
1.920410775E+01  2.029695511E+01
1.921068337E+01  2.127767754E+01
1.921725900E+01  2.051067543E+01
1.922383462E+01  1.853751373E+01
1.923041024E+01  1.663045311E+01
1.923698587E+01  1.513647938E+01
1.924356149E+01  1.333592129E+01
1.925013711E+01  1.207949066E+01
1.925671274E+01  1.044071674E+01
1.926328836E+01  1.024726963E+01
1.926986398E+01  9.619754791E+00
1.927643961E+01  9.649957657E+00
1.928301523E+01  9.056977272E+00
1.928959085E+01  8.133725166E+00
1.929616648E+01  7.371307373E+00
1.930274210E+01  6.312736511E+00
1.930931772E+01  6.120375633E+00
1.931589335E+01  6.352625370E+00
1.932246897E+01  5.669906616E+00
1.932904459E+01  5.062562943E+00
1.933562022E+01  3.753019810E+00
1.934219584E+01  3.127438307E+00
1.934877146E+01  2.093062878E+00
1.935534709E+01  1.285336018E+00
1.936192271E+01  4.913741946E-01
1.936849833E+01  -7.634343505E-01
1.937507396E+01  -1.683579206E+00
1.938164958E+01  -1.070133805E+00
1.938822520E+01  -1.769293845E-01
1.939480083E+01  -4.827123880E-02
1.940137645E+01  5.885597467E-01
1.940795207E+01  8.937900662E-01
1.941452770E+01  8.359881639E-01
1.942110332E+01  2.461643331E-02
1.942767894E+01  -1.194463015E+00
1.943425457E+01  -7.491152287E-01
1.944083019E+01  5.179149508E-01
1.944740581E+01  6.002030969E-01
1.945398144E+01  -2.141000926E-01
1.946055706E+01  -5.472229049E-02
1.946713268E+01  -1.407485306E-01
1.947370831E+01  3.477883339E-01
1.948028393E+01  -3.675051928E-01
1.948685955E+01  1.809273362E-01
1.949343517E+01  -3.277064487E-02
