6.000256231E+00  -1.130245533E-02
6.006831854E+00  4.152446985E-02
6.013407478E+00  -2.001864137E-03
6.019983101E+00  -1.478496045E-01
6.026558724E+00  1.463085860E-01
6.033134347E+00  1.186036319E-02
6.039709971E+00  6.455174834E-02
6.046285594E+00  -1.826671958E-01
6.052861217E+00  1.499391198E-01
6.059436840E+00  -1.977085322E-01
6.066012464E+00  9.479491971E-03
6.072588087E+00  1.181148052E+00
6.079163710E+00  2.037611008E+00
6.085739334E+00  3.250680685E+00
6.092314957E+00  2.510474443E+00
6.098890580E+00  1.947047830E+00
6.105466203E+00  2.665835321E-01
6.112041827E+00  2.596631348E-01
6.118617450E+00  -1.090419851E-02
6.125193073E+00  -3.857443482E-02
6.131768696E+00  -6.393938065E-01
6.138344320E+00  -3.417609036E-01
6.144919943E+00  8.393242359E-01
6.151495566E+00  8.065446019E-01
6.158071190E+00  5.786164403E-01
6.164646813E+00  -5.444390699E-02
6.171222436E+00  -6.050524116E-01
6.177798059E+00  -7.417200208E-01
6.184373683E+00  -1.583438218E-01
6.190949306E+00  7.669269443E-01
6.197524929E+00  1.877813101E+00
6.204100552E+00  1.301013827E+00
6.210676176E+00  1.121751189E+00
6.217251799E+00  -3.562557399E-01
6.223827422E+00  -2.489996105E-01
6.230403045E+00  -7.149409056E-01
6.236978669E+00  -4.445694089E-01
6.243554292E+00  4.735185802E-01
6.250129915E+00  3.128433228E+00
6.256705539E+00  3.962440968E+00
6.263281162E+00  3.701591730E+00
6.269856785E+00  3.201687813E+00
6.276432408E+00  3.771857500E+00
6.283008032E+00  4.544085503E+00
6.289583655E+00  3.136256695E+00
6.296159278E+00  2.428528547E+00
6.302734901E+00  2.034074306E+00
6.309310525E+00  1.301352262E+00
6.315886148E+00  1.847643137E+00
6.322461771E+00  1.715648174E+00
6.329037394E+00  1.610169530E+00
6.335613018E+00  1.061548948E+00
6.342188641E+00  2.236316919E+00
6.348764264E+00  3.321073055E+00
6.355339888E+00  3.127299547E+00
6.361915511E+00  2.276970148E+00
6.368491134E+00  1.756790519E+00
6.375066757E+00  1.310067892E+00
6.381642381E+00  3.410125375E-01
6.388218004E+00  6.820582151E-01
6.394793627E+00  1.690269589E+00
6.401369250E+00  1.770738363E+00
6.407944874E+00  1.548408151E+00
6.414520497E+00  5.562508106E-01
6.421096120E+00  9.122110009E-01
6.427671743E+00  1.674131036E+00
6.434247367E+00  3.577493906E+00
6.440822990E+00  3.831035614E+00
6.447398613E+00  4.161147594E+00
6.453974237E+00  3.970061302E+00
6.460549860E+00  4.172753334E+00
6.467125483E+00  4.872003078E+00
6.473701106E+00  6.572519779E+00
6.480276730E+00  6.442199230E+00
6.486852353E+00  5.161771297E+00
6.493427976E+00  1.961947560E+00
6.500003599E+00  3.282993138E-01
6.506579223E+00  5.452552810E-03
6.513154846E+00  7.905853391E-01
6.519730469E+00  6.484548450E-01
6.526306092E+00  9.619154930E-01
6.532881716E+00  4.958080351E-01
6.539457339E+00  -3.632816970E-01
6.546032962E+00  2.713989019E-01
6.552608586E+00  8.353474736E-01
6.559184209E+00  3.093065977E+00
6.565759832E+00  3.659767866E+00
6.572335455E+00  4.697150707E+00
6.578911079E+00  5.829625607E+00
6.585486702E+00  7.433342934E+00
6.592062325E+00  8.235038757E+00
6.598637948E+00  7.135725975E+00
6.605213572E+00  5.248023033E+00
6.611789195E+00  3.191046000E+00
6.618364818E+00  3.811091900E+00
6.624940441E+00  4.144515038E+00
6.631516065E+00  4.952630997E+00
6.638091688E+00  4.233922482E+00
6.644667311E+00  2.352953196E+00
6.651242935E+00  6.871052980E-01
6.657818558E+00  3.546260595E-01
6.664394181E+00  7.017090321E-01
6.670969804E+00  7.724890709E-01
6.677545428E+00  7.507193685E-01
6.684121051E+00  9.532059431E-01
6.690696674E+00  3.247072697E-01
6.697272297E+00  7.746281624E-01
6.703847921E+00  1.087197304E+00
6.710423544E+00  1.401465774E+00
6.716999167E+00  2.484290153E-01
6.723574790E+00  -4.399308264E-01
6.730150414E+00  1.040452242E+00
6.736726037E+00  3.113236427E+00
6.743301660E+00  2.665319204E+00
6.749877284E+00  3.813915968E+00
6.756452907E+00  4.213920593E+00
6.763028530E+00  3.989285231E+00
6.769604153E+00  3.301848650E+00
6.776179777E+00  3.318603039E+00
6.782755400E+00  2.496096849E+00
6.789331023E+00  1.997408390E+00
6.795906646E+00  2.015857458E+00
6.802482270E+00  1.707607031E+00
6.809057893E+00  2.970946550E+00
6.815633516E+00  3.698235035E+00
6.822209139E+00  3.348402739E+00
6.828784763E+00  3.231128216E+00
6.835360386E+00  2.434327841E+00
6.841936009E+00  2.211122036E+00
6.848511633E+00  3.263777018E+00
6.855087256E+00  4.231262684E+00
6.861662879E+00  5.002984524E+00
6.868238502E+00  4.661910534E+00
6.874814126E+00  5.618131638E+00
6.881389749E+00  6.249745369E+00
6.887965372E+00  5.763952255E+00
6.894540995E+00  5.900196075E+00
6.901116619E+00  6.344237804E+00
6.907692242E+00  8.220845222E+00
6.914267865E+00  8.627243042E+00
6.920843488E+00  6.368234158E+00
6.927419112E+00  4.393943310E+00
6.933994735E+00  4.820083141E+00
6.940570358E+00  5.141333580E+00
6.947145982E+00  5.745497227E+00
6.953721605E+00  5.235759735E+00
6.960297228E+00  5.370137215E+00
6.966872851E+00  6.351015568E+00
6.973448475E+00  5.896430492E+00
6.980024098E+00  4.867009163E+00
6.986599721E+00  3.346281767E+00
6.993175344E+00  3.416304350E+00
6.999750968E+00  2.173271894E+00
7.006326591E+00  2.061983109E+00
7.012902214E+00  2.425878525E+00
7.019477837E+00  3.471389532E+00
7.026053461E+00  3.443225861E+00
7.032629084E+00  2.739605904E+00
7.039204707E+00  1.861962318E+00
7.045780331E+00  5.648447871E-01
7.052355954E+00  3.644676208E-01
7.058931577E+00  5.528737903E-01
7.065507200E+00  2.351750135E+00
7.072082824E+00  3.593098164E+00
7.078658447E+00  3.154790878E+00
7.085234070E+00  2.337046385E+00
7.091809693E+00  1.023815155E+00
7.098385317E+00  2.824007869E-01
7.104960940E+00  -2.451731414E-01
7.111536563E+00  3.377793133E-01
7.118112186E+00  6.857892275E-01
7.124687810E+00  2.099424839E+00
7.131263433E+00  2.675444603E+00
7.137839056E+00  3.627116203E+00
7.144414680E+00  3.065224409E+00
7.150990303E+00  2.103788376E+00
7.157565926E+00  2.097852707E+00
7.164141549E+00  2.973566055E+00
7.170717173E+00  3.697658777E+00
7.177292796E+00  4.312594891E+00
7.183868419E+00  4.861859798E+00
7.190444042E+00  4.835263252E+00
7.197019666E+00  5.564196587E+00
7.203595289E+00  6.088808537E+00
7.210170912E+00  5.384072304E+00
7.216746535E+00  5.823640347E+00
7.223322159E+00  6.912013531E+00
7.229897782E+00  7.233262062E+00
7.236473405E+00  6.535243511E+00
7.243049029E+00  6.616315842E+00
7.249624652E+00  4.872691631E+00
7.256200275E+00  3.930513382E+00
7.262775898E+00  2.775732517E+00
7.269351522E+00  3.524857283E+00
7.275927145E+00  4.714015484E+00
7.282502768E+00  4.101444721E+00
7.289078391E+00  3.790052414E+00
7.295654015E+00  3.695681572E+00
7.302229638E+00  3.898191214E+00
7.308805261E+00  4.501323700E+00
7.315380884E+00  5.419334888E+00
7.321956508E+00  6.003954411E+00
7.328532131E+00  6.949668884E+00
7.335107754E+00  7.857207775E+00
7.341683378E+00  7.948394775E+00
7.348259001E+00  5.968502998E+00
7.354834624E+00  4.220931530E+00
7.361410247E+00  2.171215773E+00
7.367985871E+00  2.136491060E+00
7.374561494E+00  1.672703028E+00
7.381137117E+00  2.882232666E+00
7.387712740E+00  2.180499792E+00
7.394288364E+00  2.684638977E+00
7.400863987E+00  3.181272030E+00
7.407439610E+00  4.732954502E+00
7.414015233E+00  3.368112564E+00
7.420590857E+00  1.933580756E+00
7.427166480E+00  4.495745301E-01
7.433742103E+00  4.041188359E-01
7.440317727E+00  1.541613460E+00
7.446893350E+00  2.039094210E+00
7.453468973E+00  2.691768885E+00
7.460044596E+00  2.096601486E+00
7.466620220E+00  2.639117479E+00
7.473195843E+00  1.357649565E+00
7.479771466E+00  9.843434691E-01
7.486347089E+00  2.293263227E-01
7.492922713E+00  7.191728354E-01
7.499498336E+00  1.254708648E+00
7.506073959E+00  1.786588192E+00
7.512649582E+00  9.855991006E-01
7.519225206E+00  1.512676954E+00
7.525800829E+00  1.866068125E+00
7.532376452E+00  2.504374504E+00
7.538952076E+00  1.015497327E+00
7.545527699E+00  1.083377376E-01
7.552103322E+00  -1.778314590E+00
7.558678945E+00  -4.884719253E-01
7.565254569E+00  3.202952147E-01
7.571830192E+00  7.344833612E-01
7.578405815E+00  4.308561683E-01
7.584981438E+00  1.774111390E+00
7.591557062E+00  3.020993948E+00
7.598132685E+00  3.186031103E+00
7.604708308E+00  3.478069305E+00
7.611283931E+00  4.398921490E+00
7.617859555E+00  4.390352726E+00
7.624435178E+00  3.200796127E+00
7.631010801E+00  2.311634302E+00
7.637586425E+00  1.925984621E+00
7.644162048E+00  1.099570751E+00
7.650737671E+00  6.201308966E-01
7.657313294E+00  1.426824927E-01
7.663888918E+00  4.668768346E-01
7.670464541E+00  1.680074573E+00
7.677040164E+00  1.092900157E+00
7.683615787E+00  8.168849945E-01
7.690191411E+00  -6.744933128E-01
7.696767034E+00  -1.175690651E+00
7.703342657E+00  -1.684154153E+00
7.709918281E+00  -1.569756389E+00
7.716493904E+00  -1.492278218E+00
7.723069527E+00  -3.667446673E-01
7.729645150E+00  1.131686449E+00
7.736220774E+00  2.112639189E+00
7.742796397E+00  3.893363476E+00
7.749372020E+00  4.822454453E+00
7.755947643E+00  5.169492722E+00
7.762523267E+00  5.514678001E+00
7.769098890E+00  6.910441399E+00
7.775674513E+00  7.668539524E+00
7.782250136E+00  7.819515705E+00
7.788825760E+00  7.394423962E+00
7.795401383E+00  6.996594429E+00
7.801977006E+00  6.403670311E+00
7.808552630E+00  7.746307373E+00
7.815128253E+00  9.070172310E+00
7.821703876E+00  9.029293060E+00
7.828279499E+00  9.861145020E+00
7.834855123E+00  1.172599602E+01
7.841430746E+00  1.311119652E+01
7.848006369E+00  1.392638969E+01
7.854581992E+00  1.339900875E+01
7.861157616E+00  1.282720375E+01
7.867733239E+00  1.233081627E+01
7.874308862E+00  1.205840683E+01
7.880884485E+00  1.175610542E+01
7.887460109E+00  1.231692123E+01
7.894035732E+00  1.369090939E+01
7.900611355E+00  1.426700115E+01
7.907186979E+00  1.652975273E+01
7.913762602E+00  1.843190384E+01
7.920338225E+00  2.050522614E+01
7.926913848E+00  2.086052704E+01
7.933489472E+00  2.068082237E+01
7.940065095E+00  1.901773071E+01
7.946640718E+00  1.733932686E+01
7.953216341E+00  1.607654572E+01
7.959791965E+00  1.468714714E+01
7.966367588E+00  1.494234753E+01
7.972943211E+00  1.484626007E+01
7.979518834E+00  1.327604294E+01
7.986094458E+00  1.315426350E+01
7.992670081E+00  1.349724770E+01
7.999245704E+00  1.442192268E+01
8.005821328E+00  1.552619076E+01
8.012396951E+00  1.549245358E+01
8.018972574E+00  1.689522934E+01
8.025548197E+00  1.618699837E+01
8.032123821E+00  1.444039059E+01
8.038699444E+00  1.368364143E+01
8.045275067E+00  1.351094151E+01
8.051850690E+00  1.408048058E+01
8.058426314E+00  1.412275600E+01
8.065001937E+00  1.412073803E+01
8.071577560E+00  1.359356880E+01
8.078153183E+00  1.461266804E+01
8.084728807E+00  1.500192547E+01
8.091304430E+00  1.551641369E+01
8.097880053E+00  1.531552219E+01
8.104455677E+00  1.559040165E+01
8.111031300E+00  1.612059784E+01
8.117606923E+00  1.646398926E+01
8.124182546E+00  1.876342201E+01
8.130758170E+00  2.163587189E+01
8.137333793E+00  2.365583038E+01
8.143909416E+00  2.585628510E+01
8.150485039E+00  2.791767693E+01
8.157060663E+00  2.852922249E+01
8.163636286E+00  2.944702721E+01
8.170211909E+00  3.172502518E+01
8.176787532E+00  3.403773880E+01
8.183363156E+00  3.599913025E+01
8.189938779E+00  3.908201981E+01
8.196514402E+00  4.204192352E+01
8.203090026E+00  4.674858856E+01
8.209665649E+00  5.310836029E+01
8.216241272E+00  5.879660416E+01
8.222816895E+00  6.281288528E+01
8.229392519E+00  6.664843750E+01
8.235968142E+00  7.221636200E+01
8.242543765E+00  7.966702271E+01
8.249119388E+00  8.655753326E+01
8.255695012E+00  9.279212952E+01
8.262270635E+00  1.019815979E+02
8.268846258E+00  1.120208817E+02
8.275421881E+00  1.244772797E+02
8.281997505E+00  1.369322510E+02
8.288573128E+00  1.536596375E+02
8.295148751E+00  1.752096252E+02
8.301724375E+00  2.043970490E+02
8.308299998E+00  2.376988983E+02
8.314875621E+00  2.724373169E+02
8.321451244E+00  3.070741577E+02
8.328026868E+00  3.451376648E+02
8.334602491E+00  3.878313904E+02
8.341178114E+00  4.327876282E+02
8.347753737E+00  4.761161499E+02
8.354329361E+00  5.211221313E+02
8.360904984E+00  5.698455811E+02
8.367480607E+00  6.173197021E+02
8.374056230E+00  6.592218018E+02
8.380631854E+00  6.948140259E+02
8.387207477E+00  7.252595825E+02
8.393783100E+00  7.491385498E+02
8.400358724E+00  7.675442505E+02
8.406934347E+00  7.754562378E+02
8.413509970E+00  7.778868408E+02
8.420085593E+00  7.715250854E+02
8.426661217E+00  7.652753296E+02
8.433236840E+00  7.518627930E+02
8.439812463E+00  7.422563477E+02
8.446388086E+00  7.262109375E+02
8.452963710E+00  7.097535400E+02
8.459539333E+00  6.901655273E+02
8.466114956E+00  6.725333252E+02
8.472690579E+00  6.550616455E+02
8.479266203E+00  6.368180542E+02
8.485841826E+00  6.160236816E+02
8.492417449E+00  5.918768921E+02
8.498993073E+00  5.654119873E+02
8.505568696E+00  5.432163086E+02
8.512144319E+00  5.219969482E+02
8.518719942E+00  5.040200500E+02
8.525295566E+00  4.864511719E+02
8.531871189E+00  4.693362122E+02
8.538446812E+00  4.535985107E+02
8.545022435E+00  4.381784058E+02
8.551598059E+00  4.220798645E+02
8.558173682E+00  4.050039368E+02
8.564749305E+00  3.881288452E+02
8.571324928E+00  3.697879944E+02
8.577900552E+00  3.508109131E+02
8.584476175E+00  3.321350403E+02
8.591051798E+00  3.152963867E+02
8.597627422E+00  2.981869812E+02
8.604203045E+00  2.816714783E+02
8.610778668E+00  2.658503723E+02
8.617354291E+00  2.511410522E+02
8.623929915E+00  2.361967163E+02
8.630505538E+00  2.242443390E+02
8.637081161E+00  2.114791412E+02
8.643656784E+00  2.002594147E+02
8.650232408E+00  1.879073639E+02
8.656808031E+00  1.778174133E+02
8.663383654E+00  1.675280762E+02
8.669959277E+00  1.593952332E+02
8.676534901E+00  1.502733002E+02
8.683110524E+00  1.410684814E+02
8.689686147E+00  1.312313995E+02
8.696261771E+00  1.233294067E+02
8.702837394E+00  1.166475983E+02
8.709413017E+00  1.106180878E+02
8.715988640E+00  1.050284424E+02
8.722564264E+00  9.867698669E+01
8.729139887E+00  9.257102203E+01
8.735715510E+00  8.716416168E+01
8.742291133E+00  8.383384705E+01
8.748866757E+00  8.001171112E+01
8.755442380E+00  7.453858948E+01
8.762018003E+00  7.049015808E+01
8.768593626E+00  6.797337341E+01
8.775169250E+00  6.408443451E+01
8.781744873E+00  6.137950134E+01
8.788320496E+00  5.779755402E+01
8.794896120E+00  5.528831100E+01
8.801471743E+00  5.244454956E+01
8.808047366E+00  5.032487106E+01
8.814622989E+00  4.940437698E+01
8.821198613E+00  4.853463364E+01
8.827774236E+00  4.547344208E+01
8.834349859E+00  4.384922028E+01
8.840925482E+00  4.212533188E+01
8.847501106E+00  4.205712509E+01
8.854076729E+00  4.170561981E+01
8.860652352E+00  4.130955505E+01
8.867227975E+00  4.009057617E+01
8.873803599E+00  3.928937149E+01
8.880379222E+00  3.832972336E+01
8.886954845E+00  3.850846100E+01
8.893530469E+00  3.891000366E+01
8.900106092E+00  3.966857910E+01
8.906681715E+00  4.022748184E+01
8.913257338E+00  3.925120544E+01
8.919832962E+00  3.950774765E+01
8.926408585E+00  3.930271149E+01
8.932984208E+00  3.791092682E+01
8.939559831E+00  3.584258270E+01
8.946135455E+00  3.404975510E+01
8.952711078E+00  3.338199234E+01
8.959286701E+00  3.335875320E+01
8.965862324E+00  3.301268768E+01
8.972437948E+00  3.187644958E+01
8.979013571E+00  3.024001884E+01
8.985589194E+00  2.881281090E+01
8.992164818E+00  2.743021965E+01
8.998740441E+00  2.636709976E+01
9.005316064E+00  2.619713593E+01
9.011891687E+00  2.501257515E+01
9.018467311E+00  2.492470741E+01
9.025042934E+00  2.445499229E+01
9.031618557E+00  2.485486412E+01
9.038194180E+00  2.300174904E+01
9.044769804E+00  2.112268066E+01
9.051345427E+00  1.890857124E+01
9.057921050E+00  1.709378815E+01
9.064496673E+00  1.530528831E+01
9.071072297E+00  1.416416931E+01
9.077647920E+00  1.233889771E+01
9.084223543E+00  1.051601219E+01
9.090799167E+00  9.363498688E+00
9.097374790E+00  1.121926880E+01
9.103950413E+00  1.183481216E+01
9.110526036E+00  1.085956764E+01
9.117101660E+00  8.989365578E+00
9.123677283E+00  7.136345387E+00
9.130252906E+00  6.549074650E+00
9.136828529E+00  6.081588745E+00
9.143404153E+00  5.845737934E+00
9.149979776E+00  5.878664017E+00
9.156555399E+00  6.741923809E+00
9.163131022E+00  7.165529728E+00
9.169706646E+00  8.770118713E+00
9.176282269E+00  1.025933361E+01
9.182857892E+00  1.048720837E+01
9.189433516E+00  9.873202324E+00
9.196009139E+00  1.058677578E+01
9.202584762E+00  8.984397888E+00
9.209160385E+00  7.407399178E+00
9.215736009E+00  6.613122940E+00
9.222311632E+00  6.851588249E+00
9.228887255E+00  7.964119434E+00
9.235462878E+00  8.013719559E+00
9.242038502E+00  7.296300411E+00
9.248614125E+00  7.535994530E+00
9.255189748E+00  7.632714272E+00
9.261765372E+00  6.876996517E+00
9.268340995E+00  6.474416733E+00
9.274916618E+00  6.267267227E+00
9.281492241E+00  6.528017044E+00
9.288067865E+00  6.388998032E+00
9.294643488E+00  8.925414085E+00
9.301219111E+00  1.043561268E+01
9.307794734E+00  1.219255257E+01
9.314370358E+00  1.069429111E+01
9.320945981E+00  1.011759758E+01
9.327521604E+00  9.773520470E+00
9.334097227E+00  1.088766098E+01
9.340672851E+00  1.174030876E+01
9.347248474E+00  1.213470554E+01
9.353824097E+00  1.204157639E+01
9.360399721E+00  1.175440216E+01
9.366975344E+00  1.334205532E+01
9.373550967E+00  1.411901855E+01
9.380126590E+00  1.402526379E+01
9.386702214E+00  1.375711346E+01
9.393277837E+00  1.455386353E+01
9.399853460E+00  1.630031586E+01
9.406429083E+00  2.012004852E+01
9.413004707E+00  2.126212502E+01
9.419580330E+00  2.177444458E+01
9.426155953E+00  2.129377365E+01
9.432731576E+00  2.168539429E+01
9.439307200E+00  2.310804749E+01
9.445882823E+00  2.523951912E+01
9.452458446E+00  2.959695435E+01
9.459034070E+00  3.326536560E+01
9.465609693E+00  3.565838242E+01
9.472185316E+00  3.805095673E+01
9.478760939E+00  4.261893463E+01
9.485336563E+00  4.856206894E+01
9.491912186E+00  5.593803406E+01
9.498487809E+00  6.133331299E+01
9.505063432E+00  6.758291626E+01
9.511639056E+00  7.428503418E+01
9.518214679E+00  8.123953247E+01
9.524790302E+00  8.857487488E+01
9.531365925E+00  9.787655640E+01
9.537941549E+00  1.086690445E+02
9.544517172E+00  1.196686859E+02
9.551092795E+00  1.311748352E+02
9.557668419E+00  1.434121552E+02
9.564244042E+00  1.562542114E+02
9.570819665E+00  1.698187256E+02
9.577395288E+00  1.831154785E+02
9.583970912E+00  1.963422852E+02
9.590546535E+00  2.098189850E+02
9.597122158E+00  2.243542023E+02
9.603697781E+00  2.412101593E+02
9.610273405E+00  2.591359253E+02
9.616849028E+00  2.750997925E+02
9.623424651E+00  2.900783386E+02
9.630000274E+00  3.041096191E+02
9.636575898E+00  3.190033264E+02
9.643151521E+00  3.335967712E+02
9.649727144E+00  3.485965881E+02
9.656302768E+00  3.648792419E+02
9.662878391E+00  3.828890991E+02
9.669454014E+00  4.028746338E+02
9.676029637E+00  4.235732422E+02
9.682605261E+00  4.464595337E+02
9.689180884E+00  4.727913208E+02
9.695756507E+00  5.051452637E+02
9.702332130E+00  5.365526123E+02
9.708907754E+00  5.752360840E+02
9.715483377E+00  6.134002075E+02
9.722059000E+00  6.429674683E+02
9.728634623E+00  6.728898926E+02
9.735210247E+00  6.896714478E+02
9.741785870E+00  7.000509644E+02
9.748361493E+00  6.995171509E+02
9.754937117E+00  6.862199097E+02
9.761512740E+00  6.724610596E+02
9.768088363E+00  6.469133911E+02
9.774663986E+00  6.185120239E+02
9.781239610E+00  5.895098877E+02
9.787815233E+00  5.554128418E+02
9.794390856E+00  5.205787354E+02
9.800966479E+00  4.867225037E+02
9.807542103E+00  4.512987061E+02
9.814117726E+00  4.161837769E+02
9.820693349E+00  3.786145630E+02
9.827268972E+00  3.454596863E+02
9.833844596E+00  3.159843140E+02
9.840420219E+00  2.892821350E+02
9.846995842E+00  2.652477417E+02
9.853571466E+00  2.447165375E+02
9.860147089E+00  2.280698547E+02
9.866722712E+00  2.132534943E+02
9.873298335E+00  2.000882263E+02
9.879873959E+00  1.886975861E+02
9.886449582E+00  1.776938629E+02
9.893025205E+00  1.693578033E+02
9.899600828E+00  1.631864319E+02
9.906176452E+00  1.585518188E+02
9.912752075E+00  1.549798279E+02
9.919327698E+00  1.525207062E+02
9.925903321E+00  1.504649658E+02
9.932478945E+00  1.467300568E+02
9.939054568E+00  1.443872375E+02
9.945630191E+00  1.435468445E+02
9.952205815E+00  1.423108826E+02
9.958781438E+00  1.396729889E+02
9.965357061E+00  1.363723755E+02
9.971932684E+00  1.336868286E+02
9.978508308E+00  1.337794342E+02
9.985083931E+00  1.337282410E+02
9.991659554E+00  1.318022919E+02
9.998235177E+00  1.311616974E+02
1.000481080E+01  1.306003571E+02
1.001138642E+01  1.302051392E+02
1.001796205E+01  1.285385284E+02
1.002453767E+01  1.274461746E+02
1.003111329E+01  1.279705200E+02
1.003768892E+01  1.269044952E+02
1.004426454E+01  1.254511795E+02
1.005084016E+01  1.225797653E+02
1.005741579E+01  1.193312378E+02
1.006399141E+01  1.155991058E+02
1.007056703E+01  1.119770584E+02
1.007714266E+01  1.088332367E+02
1.008371828E+01  1.058453064E+02
1.009029390E+01  1.020820847E+02
1.009686953E+01  9.839556885E+01
1.010344515E+01  9.375981903E+01
1.011002077E+01  8.897557068E+01
1.011659640E+01  8.585918427E+01
1.012317202E+01  8.156147003E+01
1.012974764E+01  7.794712067E+01
1.013632327E+01  7.425192261E+01
1.014289889E+01  7.008860016E+01
1.014947451E+01  6.500787354E+01
1.015605014E+01  6.019962692E+01
1.016262576E+01  5.555294037E+01
1.016920138E+01  5.122351074E+01
1.017577701E+01  4.790658188E+01
1.018235263E+01  4.583205795E+01
1.018892825E+01  4.561412430E+01
1.019550388E+01  4.403345871E+01
1.020207950E+01  4.145912552E+01
1.020865512E+01  3.846868515E+01
1.021523075E+01  3.492776871E+01
1.022180637E+01  3.116686249E+01
1.022838199E+01  2.811068344E+01
1.023495762E+01  2.633140945E+01
1.024153324E+01  2.611410904E+01
1.024810886E+01  2.472578239E+01
1.025468448E+01  2.325520706E+01
1.026126011E+01  2.072084618E+01
1.026783573E+01  2.021392059E+01
1.027441135E+01  1.895992279E+01
1.028098698E+01  1.964382172E+01
1.028756260E+01  2.227285385E+01
1.029413822E+01  2.354712677E+01
1.030071385E+01  2.365356255E+01
1.030728947E+01  2.243533897E+01
1.031386509E+01  2.164823151E+01
1.032044072E+01  2.127848625E+01
1.032701634E+01  1.867465782E+01
1.033359196E+01  1.868920708E+01
1.034016759E+01  1.771659088E+01
1.034674321E+01  1.622451210E+01
1.035331883E+01  1.526807690E+01
1.035989446E+01  1.524907589E+01
1.036647008E+01  1.435885334E+01
1.037304570E+01  1.379705811E+01
1.037962133E+01  1.297769737E+01
1.038619695E+01  1.284798336E+01
1.039277257E+01  1.315396118E+01
1.039934820E+01  1.341902351E+01
1.040592382E+01  1.418121243E+01
1.041249944E+01  1.245660210E+01
1.041907507E+01  1.169681644E+01
1.042565069E+01  1.116207314E+01
1.043222631E+01  1.158085537E+01
1.043880194E+01  1.234619904E+01
1.044537756E+01  1.314264679E+01
1.045195318E+01  1.198286343E+01
1.045852881E+01  1.137072849E+01
1.046510443E+01  1.017047310E+01
1.047168005E+01  1.014671898E+01
1.047825568E+01  8.793088913E+00
1.048483130E+01  8.759945869E+00
1.049140692E+01  9.029681206E+00
1.049798255E+01  8.311733246E+00
1.050455817E+01  6.678821564E+00
1.051113379E+01  6.367235661E+00
1.051770942E+01  5.944804668E+00
1.052428504E+01  5.903181553E+00
1.053086066E+01  4.797979355E+00
1.053743629E+01  4.230217457E+00
1.054401191E+01  3.868291616E+00
1.055058753E+01  4.071510315E+00
1.055716316E+01  3.717242002E+00
1.056373878E+01  3.858142376E+00
1.057031440E+01  4.886704445E+00
1.057689002E+01  5.920022964E+00
1.058346565E+01  6.673331261E+00
1.059004127E+01  8.718789101E+00
1.059661689E+01  8.760384560E+00
1.060319252E+01  7.212060452E+00
1.060976814E+01  4.939901829E+00
1.061634376E+01  3.441821337E+00
1.062291939E+01  1.405668139E+00
1.062949501E+01  1.032467842E+00
1.063607063E+01  9.016588926E-01
1.064264626E+01  2.120994329E+00
1.064922188E+01  4.179081917E+00
1.065579750E+01  5.083567619E+00
1.066237313E+01  5.375785351E+00
1.066894875E+01  5.318745613E+00
1.067552437E+01  4.176433086E+00
1.068210000E+01  2.681580067E+00
1.068867562E+01  1.979516506E+00
1.069525124E+01  1.885981560E+00
1.070182687E+01  2.263102055E+00
1.070840249E+01  1.549666643E+00
1.071497811E+01  8.314383626E-01
1.072155374E+01  1.649750471E+00
1.072812936E+01  2.750530005E+00
1.073470498E+01  3.915841579E+00
1.074128061E+01  2.888693094E+00
1.074785623E+01  2.783681631E+00
1.075443185E+01  1.943926811E+00
1.076100748E+01  2.573884964E+00
1.076758310E+01  2.337005138E+00
1.077415872E+01  1.903094888E+00
1.078073435E+01  2.513748407E+00
1.078730997E+01  1.606372237E+00
1.079388559E+01  9.128177166E-01
1.080046122E+01  1.473702937E-01
1.080703684E+01  -2.207895368E-01
1.081361246E+01  -1.038386464E+00
1.082018809E+01  -8.640460372E-01
1.082676371E+01  4.140292108E-01
1.083333933E+01  9.403652549E-01
1.083991496E+01  1.503544211E+00
1.084649058E+01  3.159251451E+00
1.085306620E+01  4.168751717E+00
1.085964183E+01  5.202014446E+00
1.086621745E+01  6.542303085E+00
1.087279307E+01  7.109611511E+00
1.087936870E+01  6.857637882E+00
1.088594432E+01  6.660012245E+00
1.089251994E+01  6.946528912E+00
1.089909556E+01  5.888691425E+00
1.090567119E+01  5.672660351E+00
1.091224681E+01  5.254625320E+00
1.091882243E+01  7.331506252E+00
1.092539806E+01  8.459604263E+00
1.093197368E+01  8.795814514E+00
1.093854930E+01  8.825159073E+00
1.094512493E+01  9.472120285E+00
1.095170055E+01  9.221240997E+00
1.095827617E+01  9.607359886E+00
1.096485180E+01  9.914828300E+00
1.097142742E+01  9.625262260E+00
1.097800304E+01  9.047916412E+00
1.098457867E+01  7.069189548E+00
1.099115429E+01  8.013957024E+00
1.099772991E+01  8.509822845E+00
1.100430554E+01  8.174622536E+00
1.101088116E+01  6.609096527E+00
1.101745678E+01  5.453040600E+00
1.102403241E+01  4.893121243E+00
1.103060803E+01  4.326932430E+00
1.103718365E+01  4.896203995E+00
1.104375928E+01  7.117654324E+00
1.105033490E+01  9.366882324E+00
1.105691052E+01  1.085736752E+01
1.106348615E+01  1.148373032E+01
1.107006177E+01  1.108980465E+01
1.107663739E+01  1.017419529E+01
1.108321302E+01  1.094448280E+01
1.108978864E+01  1.011019421E+01
1.109636426E+01  1.045408344E+01
1.110293989E+01  1.021739388E+01
1.110951551E+01  1.120679092E+01
1.111609113E+01  1.126164150E+01
1.112266676E+01  1.018566132E+01
1.112924238E+01  9.827481270E+00
1.113581800E+01  9.671951294E+00
1.114239363E+01  1.029473686E+01
1.114896925E+01  1.139991379E+01
1.115554487E+01  1.194936466E+01
1.116212050E+01  1.205486679E+01
1.116869612E+01  1.196393776E+01
1.117527174E+01  1.182203865E+01
1.118184737E+01  1.140499878E+01
1.118842299E+01  9.572138786E+00
1.119499861E+01  7.739909172E+00
1.120157424E+01  8.737355232E+00
1.120814986E+01  1.050875664E+01
1.121472548E+01  1.180649853E+01
1.122130111E+01  1.265835667E+01
1.122787673E+01  1.454376984E+01
1.123445235E+01  1.517264748E+01
1.124102797E+01  1.571974468E+01
1.124760360E+01  1.553804398E+01
1.125417922E+01  1.452838135E+01
1.126075484E+01  1.419218540E+01
1.126733047E+01  1.404211712E+01
1.127390609E+01  1.442092419E+01
1.128048171E+01  1.327536011E+01
1.128705734E+01  1.372406101E+01
1.129363296E+01  1.508293438E+01
1.130020858E+01  1.653361702E+01
1.130678421E+01  1.714056206E+01
1.131335983E+01  1.522750664E+01
1.131993545E+01  1.434182930E+01
1.132651108E+01  1.460317707E+01
1.133308670E+01  1.472397804E+01
1.133966232E+01  1.420816898E+01
1.134623795E+01  1.329699707E+01
1.135281357E+01  1.235915470E+01
1.135938919E+01  1.170523453E+01
1.136596482E+01  1.278841209E+01
1.137254044E+01  1.284018707E+01
1.137911606E+01  1.335377884E+01
1.138569169E+01  1.311977673E+01
1.139226731E+01  1.302984333E+01
1.139884293E+01  1.393023491E+01
1.140541856E+01  1.508615398E+01
1.141199418E+01  1.611436653E+01
1.141856980E+01  1.802372932E+01
1.142514543E+01  1.858677101E+01
1.143172105E+01  1.946224594E+01
1.143829667E+01  2.095100212E+01
1.144487230E+01  2.193591499E+01
1.145144792E+01  2.110845375E+01
1.145802354E+01  1.994474983E+01
1.146459917E+01  2.006692696E+01
1.147117479E+01  2.079779625E+01
1.147775041E+01  1.988837814E+01
1.148432604E+01  2.066879845E+01
1.149090166E+01  2.080120659E+01
1.149747728E+01  2.041259003E+01
1.150405291E+01  1.932915306E+01
1.151062853E+01  1.851235008E+01
1.151720415E+01  1.872831535E+01
1.152377978E+01  1.925587273E+01
1.153035540E+01  1.895587730E+01
1.153693102E+01  1.959152031E+01
1.154350665E+01  1.972530365E+01
1.155008227E+01  1.886797142E+01
1.155665789E+01  1.805857658E+01
1.156323351E+01  2.030150795E+01
1.156980914E+01  2.211969948E+01
1.157638476E+01  2.284028435E+01
1.158296038E+01  2.221617508E+01
1.158953601E+01  2.184158325E+01
1.159611163E+01  2.060320663E+01
1.160268725E+01  2.157865334E+01
1.160926288E+01  2.309895134E+01
1.161583850E+01  2.445362091E+01
1.162241412E+01  2.315093613E+01
1.162898975E+01  2.242230797E+01
1.163556537E+01  2.171253395E+01
1.164214099E+01  2.265683746E+01
1.164871662E+01  2.271270943E+01
1.165529224E+01  2.508861732E+01
1.166186786E+01  2.511705780E+01
1.166844349E+01  2.628775024E+01
1.167501911E+01  2.616708374E+01
1.168159473E+01  2.376431274E+01
1.168817036E+01  2.260921097E+01
1.169474598E+01  2.290098381E+01
1.170132160E+01  2.362594795E+01
1.170789723E+01  2.417765427E+01
1.171447285E+01  2.534906960E+01
1.172104847E+01  2.507525444E+01
1.172762410E+01  2.488502312E+01
1.173419972E+01  2.458356094E+01
1.174077534E+01  2.530467033E+01
1.174735097E+01  2.346633530E+01
1.175392659E+01  2.238449478E+01
1.176050221E+01  2.416952515E+01
1.176707784E+01  2.547037888E+01
1.177365346E+01  2.288816071E+01
1.178022908E+01  2.027739525E+01
1.178680471E+01  2.043255234E+01
1.179338033E+01  2.133316231E+01
1.179995595E+01  2.200416756E+01
1.180653158E+01  2.243584251E+01
1.181310720E+01  2.224785995E+01
1.181968282E+01  2.174495125E+01
1.182625845E+01  2.109219933E+01
1.183283407E+01  1.962412453E+01
1.183940969E+01  1.847992897E+01
1.184598532E+01  1.763475418E+01
1.185256094E+01  1.744899750E+01
1.185913656E+01  1.810140991E+01
1.186571219E+01  1.853539276E+01
1.187228781E+01  1.967725372E+01
1.187886343E+01  2.097234344E+01
1.188543906E+01  2.122684860E+01
1.189201468E+01  1.937732506E+01
1.189859030E+01  1.814254951E+01
1.190516592E+01  1.856112480E+01
1.191174155E+01  1.845143127E+01
1.191831717E+01  1.657130432E+01
1.192489279E+01  1.549595070E+01
1.193146842E+01  1.422733879E+01
1.193804404E+01  1.361850452E+01
1.194461966E+01  1.301808643E+01
1.195119529E+01  1.288995266E+01
1.195777091E+01  1.394797039E+01
1.196434653E+01  1.636791611E+01
1.197092216E+01  1.680700493E+01
1.197749778E+01  1.732284737E+01
1.198407340E+01  1.709218407E+01
1.199064903E+01  1.667359352E+01
1.199722465E+01  1.493326759E+01
1.200380027E+01  1.421688747E+01
1.201037590E+01  1.437159634E+01
1.201695152E+01  1.422891426E+01
1.202352714E+01  1.581420422E+01
1.203010277E+01  1.622900200E+01
1.203667839E+01  1.582825851E+01
1.204325401E+01  1.682776642E+01
1.204982964E+01  1.778120995E+01
1.205640526E+01  1.768562698E+01
1.206298088E+01  1.584323788E+01
1.206955651E+01  1.568174934E+01
1.207613213E+01  1.640621376E+01
1.208270775E+01  1.736621666E+01
1.208928338E+01  1.747823524E+01
1.209585900E+01  1.659869957E+01
1.210243462E+01  1.490043736E+01
1.210901025E+01  1.475403881E+01
1.211558587E+01  1.610431480E+01
1.212216149E+01  1.668904686E+01
1.212873712E+01  1.746623039E+01
1.213531274E+01  1.757844162E+01
1.214188836E+01  1.670438576E+01
1.214846399E+01  1.497980595E+01
1.215503961E+01  1.505704689E+01
1.216161523E+01  1.545662308E+01
1.216819086E+01  1.519953728E+01
1.217476648E+01  1.543668079E+01
1.218134210E+01  1.503769493E+01
1.218791773E+01  1.512857246E+01
1.219449335E+01  1.471323776E+01
1.220106897E+01  1.564815521E+01
1.220764460E+01  1.743725395E+01
1.221422022E+01  1.860985374E+01
1.222079584E+01  1.843893051E+01
1.222737146E+01  1.890546608E+01
1.223394709E+01  1.870724106E+01
1.224052271E+01  1.915238953E+01
1.224709833E+01  1.906564522E+01
1.225367396E+01  1.831764030E+01
1.226024958E+01  1.639961815E+01
1.226682520E+01  1.603181458E+01
1.227340083E+01  1.625673866E+01
1.227997645E+01  1.702510071E+01
1.228655207E+01  1.806250954E+01
1.229312770E+01  1.774837875E+01
1.229970332E+01  1.699435425E+01
1.230627894E+01  1.798355484E+01
1.231285457E+01  1.796111679E+01
1.231943019E+01  1.905059052E+01
1.232600581E+01  2.087649345E+01
1.233258144E+01  2.333971596E+01
1.233915706E+01  2.340315437E+01
1.234573268E+01  2.390226173E+01
1.235230831E+01  2.610021782E+01
1.235888393E+01  2.732612419E+01
1.236545955E+01  2.699989510E+01
1.237203518E+01  2.724115181E+01
1.237861080E+01  2.753083801E+01
1.238518642E+01  2.807011414E+01
1.239176205E+01  2.882185364E+01
1.239833767E+01  2.886269569E+01
1.240491329E+01  2.923558998E+01
1.241148892E+01  2.910750389E+01
1.241806454E+01  2.906044388E+01
1.242464016E+01  2.938100624E+01
1.243121579E+01  3.134796906E+01
1.243779141E+01  3.121423340E+01
1.244436703E+01  3.139529610E+01
1.245094266E+01  3.198439026E+01
1.245751828E+01  3.268949127E+01
1.246409390E+01  3.297980881E+01
1.247066953E+01  3.259505463E+01
1.247724515E+01  3.225346375E+01
1.248382077E+01  3.389494324E+01
1.249039640E+01  3.501214981E+01
1.249697202E+01  3.429303741E+01
1.250354764E+01  3.388797379E+01
1.251012327E+01  3.408258057E+01
1.251669889E+01  3.348962402E+01
1.252327451E+01  3.299678802E+01
1.252985014E+01  3.285210037E+01
1.253642576E+01  3.167712593E+01
1.254300138E+01  3.027556419E+01
1.254957700E+01  2.983002472E+01
1.255615263E+01  3.075993538E+01
1.256272825E+01  3.222983932E+01
1.256930387E+01  3.310839462E+01
1.257587950E+01  3.551473618E+01
1.258245512E+01  3.728921127E+01
1.258903074E+01  3.682830048E+01
1.259560637E+01  3.465790176E+01
1.260218199E+01  3.301630402E+01
1.260875761E+01  3.268429184E+01
1.261533324E+01  3.287867355E+01
1.262190886E+01  3.287241745E+01
1.262848448E+01  3.267287445E+01
1.263506011E+01  3.384549713E+01
1.264163573E+01  3.352068329E+01
1.264821135E+01  3.379074097E+01
1.265478698E+01  3.332024765E+01
1.266136260E+01  3.337535477E+01
1.266793822E+01  3.420315170E+01
1.267451385E+01  3.364156723E+01
1.268108947E+01  3.256221008E+01
1.268766509E+01  3.304127884E+01
1.269424072E+01  3.292890549E+01
1.270081634E+01  3.366213226E+01
1.270739196E+01  3.508522415E+01
1.271396759E+01  3.600679779E+01
1.272054321E+01  3.575696564E+01
1.272711883E+01  3.545342636E+01
1.273369446E+01  3.616651154E+01
1.274027008E+01  3.562281036E+01
1.274684570E+01  3.697664261E+01
1.275342133E+01  3.741844940E+01
1.275999695E+01  3.777051926E+01
1.276657257E+01  3.871841049E+01
1.277314820E+01  3.934856415E+01
1.277972382E+01  3.849741745E+01
1.278629944E+01  3.684954834E+01
1.279287507E+01  3.572527695E+01
1.279945069E+01  3.588290787E+01
1.280602631E+01  3.589715195E+01
1.281260194E+01  3.483442307E+01
1.281917756E+01  3.316590500E+01
1.282575318E+01  3.120166397E+01
1.283232881E+01  2.963065910E+01
1.283890443E+01  2.881372643E+01
1.284548005E+01  2.848670578E+01
1.285205568E+01  2.864470863E+01
1.285863130E+01  2.905775261E+01
1.286520692E+01  2.833178711E+01
1.287178255E+01  2.753809929E+01
1.287835817E+01  2.496526146E+01
1.288493379E+01  2.322557449E+01
1.289150941E+01  2.264325523E+01
1.289808504E+01  2.260209084E+01
1.290466066E+01  2.123782730E+01
1.291123628E+01  1.975066185E+01
1.291781191E+01  1.924801826E+01
1.292438753E+01  1.840959549E+01
1.293096315E+01  1.784867859E+01
1.293753878E+01  1.565366077E+01
1.294411440E+01  1.379867649E+01
1.295069002E+01  1.299370289E+01
1.295726565E+01  1.366161156E+01
1.296384127E+01  1.396844101E+01
1.297041689E+01  1.337075806E+01
1.297699252E+01  1.430951118E+01
1.298356814E+01  1.326178169E+01
1.299014376E+01  1.156891251E+01
1.299671939E+01  1.107811165E+01
1.300329501E+01  1.207652664E+01
1.300987063E+01  1.236938000E+01
1.301644626E+01  1.257487965E+01
1.302302188E+01  1.217110443E+01
1.302959750E+01  1.162832069E+01
1.303617313E+01  1.193681717E+01
1.304274875E+01  1.147360516E+01
1.304932437E+01  1.080465984E+01
1.305590000E+01  9.304554939E+00
1.306247562E+01  7.345910549E+00
1.306905124E+01  5.553304195E+00
1.307562687E+01  5.469768524E+00
1.308220249E+01  6.569003105E+00
1.308877811E+01  8.011231422E+00
1.309535374E+01  8.744274139E+00
1.310192936E+01  1.033900070E+01
1.310850498E+01  1.126569366E+01
1.311508061E+01  1.223438072E+01
1.312165623E+01  1.094727898E+01
1.312823185E+01  1.027164078E+01
1.313480748E+01  1.006251240E+01
1.314138310E+01  1.248695087E+01
1.314795872E+01  1.411679745E+01
1.315453435E+01  1.573678017E+01
1.316110997E+01  1.533426571E+01
1.316768559E+01  1.459046459E+01
1.317426122E+01  1.358551025E+01
1.318083684E+01  1.267688084E+01
1.318741246E+01  1.207556725E+01
1.319398809E+01  1.292614937E+01
1.320056371E+01  1.365397167E+01
1.320713933E+01  1.334941101E+01
1.321371495E+01  1.383673191E+01
1.322029058E+01  1.587867260E+01
1.322686620E+01  1.454705238E+01
1.323344182E+01  1.360851097E+01
1.324001745E+01  1.220859528E+01
1.324659307E+01  1.094060135E+01
1.325316869E+01  1.097546482E+01
1.325974432E+01  1.117503357E+01
1.326631994E+01  1.119900894E+01
1.327289556E+01  1.123980618E+01
1.327947119E+01  1.173495579E+01
1.328604681E+01  1.247110844E+01
1.329262243E+01  1.304595184E+01
1.329919806E+01  1.419779778E+01
1.330577368E+01  1.423673439E+01
1.331234930E+01  1.371650314E+01
1.331892493E+01  1.313567066E+01
1.332550055E+01  1.281555843E+01
1.333207617E+01  1.344662857E+01
1.333865180E+01  1.375987339E+01
1.334522742E+01  1.463667393E+01
1.335180304E+01  1.516007614E+01
1.335837867E+01  1.589554787E+01
1.336495429E+01  1.486314869E+01
1.337152991E+01  1.376555634E+01
1.337810554E+01  1.465066624E+01
1.338468116E+01  1.574606419E+01
1.339125678E+01  1.661429596E+01
1.339783241E+01  1.759281540E+01
1.340440803E+01  1.746536255E+01
1.341098365E+01  1.828423882E+01
1.341755928E+01  1.798162842E+01
1.342413490E+01  1.909616280E+01
1.343071052E+01  2.187741089E+01
1.343728615E+01  2.513207626E+01
1.344386177E+01  2.609410286E+01
1.345043739E+01  2.776307106E+01
1.345701302E+01  2.879626656E+01
1.346358864E+01  2.966641426E+01
1.347016426E+01  3.198392868E+01
1.347673989E+01  3.503305817E+01
1.348331551E+01  3.715957260E+01
1.348989113E+01  3.839381027E+01
1.349646676E+01  4.107861328E+01
1.350304238E+01  4.491228485E+01
1.350961800E+01  4.787048340E+01
1.351619363E+01  5.226820755E+01
1.352276925E+01  5.648199081E+01
1.352934487E+01  5.979607391E+01
1.353592050E+01  6.422027588E+01
1.354249612E+01  6.792604828E+01
1.354907174E+01  7.316687012E+01
1.355564736E+01  7.743789673E+01
1.356222299E+01  8.243254852E+01
1.356879861E+01  8.747509003E+01
1.357537423E+01  9.259291840E+01
1.358194986E+01  9.773284149E+01
1.358852548E+01  1.038309402E+02
1.359510110E+01  1.092456512E+02
1.360167673E+01  1.121117706E+02
1.360825235E+01  1.155968018E+02
1.361482797E+01  1.208545914E+02
1.362140360E+01  1.270687485E+02
1.362797922E+01  1.329985809E+02
1.363455484E+01  1.390615692E+02
1.364113047E+01  1.460023651E+02
1.364770609E+01  1.533444214E+02
1.365428171E+01  1.631678162E+02
1.366085734E+01  1.734745026E+02
1.366743296E+01  1.867420349E+02
1.367400858E+01  2.055636597E+02
1.368058421E+01  2.268446503E+02
1.368715983E+01  2.460137329E+02
1.369373545E+01  2.602949829E+02
1.370031108E+01  2.726972046E+02
1.370688670E+01  2.866705933E+02
1.371346232E+01  3.008352051E+02
1.372003795E+01  3.159855347E+02
1.372661357E+01  3.284237366E+02
1.373318919E+01  3.402485046E+02
1.373976482E+01  3.515325012E+02
1.374634044E+01  3.626751709E+02
1.375291606E+01  3.704845886E+02
1.375949169E+01  3.748298950E+02
1.376606731E+01  3.750714111E+02
1.377264293E+01  3.736158447E+02
1.377921856E+01  3.719056091E+02
1.378579418E+01  3.707746277E+02
1.379236980E+01  3.694280090E+02
1.379894543E+01  3.674799500E+02
1.380552105E+01  3.637161255E+02
1.381209667E+01  3.587888489E+02
1.381867230E+01  3.568363037E+02
1.382524792E+01  3.540562439E+02
1.383182354E+01  3.506400452E+02
1.383839917E+01  3.479959106E+02
1.384497479E+01  3.428650513E+02
1.385155041E+01  3.346068420E+02
1.385812604E+01  3.238872681E+02
1.386470166E+01  3.090882263E+02
1.387127728E+01  2.958698120E+02
1.387785290E+01  2.846675720E+02
1.388442853E+01  2.718296814E+02
1.389100415E+01  2.583722229E+02
1.389757977E+01  2.471130981E+02
1.390415540E+01  2.382031555E+02
1.391073102E+01  2.288557739E+02
1.391730664E+01  2.211744690E+02
1.392388227E+01  2.146929321E+02
1.393045789E+01  2.080688782E+02
1.393703351E+01  2.023442688E+02
1.394360914E+01  1.962930298E+02
1.395018476E+01  1.892467041E+02
1.395676038E+01  1.824044800E+02
1.396333601E+01  1.756911621E+02
1.396991163E+01  1.693328094E+02
1.397648725E+01  1.632356262E+02
1.398306288E+01  1.575944366E+02
1.398963850E+01  1.538335266E+02
1.399621412E+01  1.482712097E+02
1.400278975E+01  1.426188965E+02
1.400936537E+01  1.366109314E+02
1.401594099E+01  1.302345581E+02
1.402251662E+01  1.259316559E+02
1.402909224E+01  1.225703278E+02
1.403566786E+01  1.198443680E+02
1.404224349E+01  1.157097931E+02
1.404881911E+01  1.108755341E+02
1.405539473E+01  1.069845963E+02
1.406197036E+01  1.030798798E+02
1.406854598E+01  9.953926849E+01
1.407512160E+01  9.521278381E+01
1.408169723E+01  9.094801331E+01
1.408827285E+01  8.596316528E+01
1.409484847E+01  8.203256989E+01
1.410142410E+01  7.897354126E+01
1.410799972E+01  7.620006561E+01
1.411457534E+01  7.289614868E+01
1.412115097E+01  6.972529602E+01
1.412772659E+01  6.666301727E+01
1.413430221E+01  6.416821289E+01
1.414087784E+01  6.198348236E+01
1.414745346E+01  6.060093689E+01
1.415402908E+01  5.937597656E+01
1.416060471E+01  5.751115036E+01
1.416718033E+01  5.660942078E+01
1.417375595E+01  5.414482498E+01
1.418033158E+01  5.176036453E+01
1.418690720E+01  4.929190445E+01
1.419348282E+01  4.669835663E+01
1.420005844E+01  4.412760544E+01
1.420663407E+01  4.244432449E+01
1.421320969E+01  4.095167923E+01
1.421978531E+01  3.970331955E+01
1.422636094E+01  3.837105179E+01
1.423293656E+01  3.792943573E+01
1.423951218E+01  3.672118378E+01
1.424608781E+01  3.560562515E+01
1.425266343E+01  3.523308945E+01
1.425923905E+01  3.380324554E+01
1.426581468E+01  3.243957138E+01
1.427239030E+01  3.125433159E+01
1.427896592E+01  2.933781433E+01
1.428554155E+01  2.825247765E+01
1.429211717E+01  2.762963104E+01
1.429869279E+01  2.646923256E+01
1.430526842E+01  2.562524986E+01
1.431184404E+01  2.529930687E+01
1.431841966E+01  2.607730484E+01
1.432499529E+01  2.516770554E+01
1.433157091E+01  2.405387115E+01
1.433814653E+01  2.195060921E+01
1.434472216E+01  2.170944977E+01
1.435129778E+01  2.085428047E+01
1.435787340E+01  1.969903374E+01
1.436444903E+01  1.666798592E+01
1.437102465E+01  1.537926674E+01
1.437760027E+01  1.457062721E+01
1.438417590E+01  1.420882511E+01
1.439075152E+01  1.242370224E+01
1.439732714E+01  1.108142662E+01
1.440390277E+01  1.096613216E+01
1.441047839E+01  1.137269402E+01
1.441705401E+01  1.044608307E+01
1.442362964E+01  8.610076904E+00
1.443020526E+01  7.260619164E+00
1.443678088E+01  8.406443596E+00
1.444335651E+01  8.659311295E+00
1.444993213E+01  8.707150459E+00
1.445650775E+01  7.262302876E+00
1.446308338E+01  6.101562023E+00
1.446965900E+01  5.789805889E+00
1.447623462E+01  6.363588333E+00
1.448281025E+01  5.898527145E+00
1.448938587E+01  6.473654747E+00
1.449596149E+01  7.052280426E+00
1.450253712E+01  8.622614861E+00
1.450911274E+01  9.315447807E+00
1.451568836E+01  1.003549099E+01
1.452226399E+01  9.449176788E+00
1.452883961E+01  9.427040100E+00
1.453541523E+01  9.239516258E+00
1.454199085E+01  9.288878441E+00
1.454856648E+01  8.203962326E+00
1.455514210E+01  6.714191437E+00
1.456171772E+01  5.766274929E+00
1.456829335E+01  5.268349648E+00
1.457486897E+01  4.977674484E+00
1.458144459E+01  4.021629333E+00
1.458802022E+01  5.342535019E+00
1.459459584E+01  6.950099468E+00
1.460117146E+01  8.339384079E+00
1.460774709E+01  7.758870602E+00
1.461432271E+01  6.697278023E+00
1.462089833E+01  4.655534744E+00
1.462747396E+01  4.569143772E+00
1.463404958E+01  5.566968918E+00
1.464062520E+01  7.084517956E+00
1.464720083E+01  7.919607162E+00
1.465377645E+01  8.042417526E+00
1.466035207E+01  7.872842312E+00
1.466692770E+01  8.848353386E+00
1.467350332E+01  9.848808289E+00
1.468007894E+01  9.488444328E+00
1.468665457E+01  8.713043213E+00
1.469323019E+01  8.021121025E+00
1.469980581E+01  7.158269882E+00
1.470638144E+01  7.098597527E+00
1.471295706E+01  6.454885006E+00
1.471953268E+01  6.367259026E+00
1.472610831E+01  6.044207573E+00
1.473268393E+01  6.872930050E+00
1.473925955E+01  7.940332890E+00
1.474583518E+01  8.581370354E+00
1.475241080E+01  9.111467361E+00
1.475898642E+01  1.065219784E+01
1.476556205E+01  1.086859608E+01
1.477213767E+01  1.112100506E+01
1.477871329E+01  1.035082340E+01
1.478528892E+01  9.171812057E+00
1.479186454E+01  7.325171947E+00
1.479844016E+01  7.967630386E+00
1.480501579E+01  9.005424500E+00
1.481159141E+01  1.133941746E+01
1.481816703E+01  1.268688011E+01
1.482474266E+01  1.421576023E+01
1.483131828E+01  1.318824768E+01
1.483789390E+01  1.192609501E+01
1.484446953E+01  1.066023540E+01
1.485104515E+01  1.062941265E+01
1.485762077E+01  1.018662453E+01
1.486419639E+01  9.965630531E+00
1.487077202E+01  8.739347458E+00
1.487734764E+01  8.057543755E+00
1.488392326E+01  8.507100105E+00
1.489049889E+01  9.874596596E+00
1.489707451E+01  1.049593449E+01
1.490365013E+01  1.040476322E+01
1.491022576E+01  9.565885544E+00
1.491680138E+01  8.308361053E+00
1.492337700E+01  6.891423225E+00
1.492995263E+01  7.634853363E+00
1.493652825E+01  7.980990887E+00
1.494310387E+01  8.649030685E+00
1.494967950E+01  8.861098289E+00
1.495625512E+01  8.477989197E+00
1.496283074E+01  8.152984619E+00
1.496940637E+01  9.457819939E+00
1.497598199E+01  1.215270996E+01
1.498255761E+01  1.443097782E+01
1.498913324E+01  1.448985195E+01
1.499570886E+01  1.430488491E+01
1.500228448E+01  1.354840851E+01
1.500886011E+01  1.378777695E+01
1.501543573E+01  1.334180927E+01
1.502201135E+01  1.258255386E+01
1.502858698E+01  1.159836674E+01
1.503516260E+01  1.021784306E+01
1.504173822E+01  8.560595512E+00
1.504831385E+01  7.114892006E+00
1.505488947E+01  7.030137062E+00
1.506146509E+01  7.611499310E+00
1.506804072E+01  7.581629753E+00
1.507461634E+01  7.010839939E+00
1.508119196E+01  6.768758774E+00
1.508776759E+01  8.946698189E+00
1.509434321E+01  1.087132454E+01
1.510091883E+01  1.141129780E+01
1.510749446E+01  1.042600250E+01
1.511407008E+01  9.099532127E+00
1.512064570E+01  8.424087524E+00
1.512722133E+01  8.184351921E+00
1.513379695E+01  8.515105247E+00
1.514037257E+01  7.987653732E+00
1.514694820E+01  7.181116104E+00
1.515352382E+01  7.122364998E+00
1.516009944E+01  7.486711025E+00
1.516667507E+01  7.210694790E+00
1.517325069E+01  6.763083458E+00
1.517982631E+01  6.446139812E+00
1.518640194E+01  7.509878159E+00
1.519297756E+01  7.629118443E+00
1.519955318E+01  7.534341812E+00
1.520612880E+01  7.284152985E+00
1.521270443E+01  7.365378857E+00
1.521928005E+01  6.395702839E+00
1.522585567E+01  6.674934864E+00
1.523243130E+01  5.956496716E+00
1.523900692E+01  6.297518253E+00
1.524558254E+01  6.743897438E+00
1.525215817E+01  7.997290611E+00
1.525873379E+01  8.901441574E+00
1.526530941E+01  9.762983322E+00
1.527188504E+01  9.686884880E+00
1.527846066E+01  8.612586975E+00
1.528503628E+01  8.837924004E+00
1.529161191E+01  1.011580944E+01
1.529818753E+01  1.010979652E+01
1.530476315E+01  9.021523476E+00
1.531133878E+01  8.836318016E+00
1.531791440E+01  8.909133911E+00
1.532449002E+01  8.830275536E+00
1.533106565E+01  8.283308983E+00
1.533764127E+01  7.806288242E+00
1.534421689E+01  8.466076851E+00
1.535079252E+01  8.649848938E+00
1.535736814E+01  9.543118477E+00
1.536394376E+01  9.672707558E+00
1.537051939E+01  9.731451988E+00
1.537709501E+01  8.935626030E+00
1.538367063E+01  8.527871132E+00
1.539024626E+01  7.842138767E+00
1.539682188E+01  7.174780846E+00
1.540339750E+01  5.858283997E+00
1.540997313E+01  5.242713451E+00
1.541654875E+01  5.954502583E+00
1.542312437E+01  7.230925560E+00
1.542970000E+01  8.480156898E+00
1.543627562E+01  9.013690948E+00
1.544285124E+01  7.452596664E+00
1.544942687E+01  5.666476727E+00
1.545600249E+01  2.781773567E+00
1.546257811E+01  1.860965729E+00
1.546915374E+01  2.704814672E+00
1.547572936E+01  6.188302994E+00
1.548230498E+01  7.471082687E+00
1.548888061E+01  7.101480484E+00
1.549545623E+01  6.502823830E+00
1.550203185E+01  5.938775063E+00
1.550860748E+01  3.610987902E+00
1.551518310E+01  2.743577480E+00
1.552175872E+01  2.246697187E+00
1.552833434E+01  2.306381464E+00
1.553490997E+01  2.761010885E+00
1.554148559E+01  4.103753090E+00
1.554806121E+01  4.017720222E+00
1.555463684E+01  4.225575924E+00
1.556121246E+01  5.152625561E+00
1.556778808E+01  5.193412304E+00
1.557436371E+01  4.700980663E+00
1.558093933E+01  4.145562649E+00
1.558751495E+01  3.397297859E+00
1.559409058E+01  9.684160352E-01
1.560066620E+01  -2.289175801E-02
1.560724182E+01  -6.776705384E-01
1.561381745E+01  2.248150855E-01
1.562039307E+01  7.988581657E-01
1.562696869E+01  1.490786076E+00
1.563354432E+01  2.412945032E+00
1.564011994E+01  3.675731182E+00
1.564669556E+01  4.243548393E+00
1.565327119E+01  4.154045582E+00
1.565984681E+01  4.056203365E+00
1.566642243E+01  3.256720781E+00
1.567299806E+01  3.356245995E+00
1.567957368E+01  4.038438797E+00
1.568614930E+01  3.793114424E+00
1.569272493E+01  4.368392944E+00
1.569930055E+01  4.427925110E+00
1.570587617E+01  4.448354721E+00
1.571245180E+01  4.170976162E+00
1.571902742E+01  3.704764128E+00
1.572560304E+01  2.935063601E+00
1.573217867E+01  3.058747053E+00
1.573875429E+01  3.795638323E+00
1.574532991E+01  5.254237175E+00
1.575190554E+01  5.957108974E+00
1.575848116E+01  6.489808559E+00
1.576505678E+01  6.761625767E+00
1.577163241E+01  8.012416840E+00
1.577820803E+01  8.919542313E+00
1.578478365E+01  1.064180851E+01
1.579135928E+01  1.270569706E+01
1.579793490E+01  1.570751858E+01
1.580451052E+01  1.764592552E+01
1.581108615E+01  1.777103424E+01
1.581766177E+01  1.459858799E+01
1.582423739E+01  1.039042377E+01
1.583081302E+01  8.397145271E+00
1.583738864E+01  8.231659889E+00
1.584396426E+01  8.318396568E+00
1.585053988E+01  9.052486420E+00
1.585711551E+01  9.327102661E+00
1.586369113E+01  9.671647072E+00
1.587026675E+01  9.516397476E+00
1.587684238E+01  1.054944038E+01
1.588341800E+01  1.283239174E+01
1.588999362E+01  1.455479527E+01
1.589656925E+01  1.547845364E+01
1.590314487E+01  1.552532196E+01
1.590972049E+01  1.666227341E+01
1.591629612E+01  1.875119209E+01
1.592287174E+01  1.979409790E+01
1.592944736E+01  2.119729805E+01
1.593602299E+01  2.204922676E+01
1.594259861E+01  2.238557625E+01
1.594917423E+01  2.322494698E+01
1.595574986E+01  2.616844940E+01
1.596232548E+01  3.060185814E+01
1.596890110E+01  3.494170761E+01
1.597547673E+01  3.845169449E+01
1.598205235E+01  4.063037491E+01
1.598862797E+01  4.436155319E+01
1.599520360E+01  4.639621735E+01
1.600177922E+01  5.051953888E+01
1.600835484E+01  5.512214279E+01
1.601493047E+01  6.070452881E+01
1.602150609E+01  6.600937653E+01
1.602808171E+01  7.166022491E+01
1.603465734E+01  7.753012085E+01
1.604123296E+01  8.385929871E+01
1.604780858E+01  9.015460205E+01
1.605438421E+01  9.749367523E+01
1.606095983E+01  1.067808151E+02
1.606753545E+01  1.147650452E+02
1.607411108E+01  1.227159195E+02
1.608068670E+01  1.301896057E+02
1.608726232E+01  1.386694946E+02
1.609383795E+01  1.475804291E+02
1.610041357E+01  1.575489044E+02
1.610698919E+01  1.674010925E+02
1.611356482E+01  1.785203552E+02
1.612014044E+01  1.883998718E+02
1.612671606E+01  1.991651764E+02
1.613329169E+01  2.086932678E+02
1.613986731E+01  2.186829224E+02
1.614644293E+01  2.271307831E+02
1.615301856E+01  2.353249817E+02
1.615959418E+01  2.431654816E+02
1.616616980E+01  2.524663239E+02
1.617274543E+01  2.622187805E+02
1.617932105E+01  2.703018188E+02
1.618589667E+01  2.766813660E+02
1.619247229E+01  2.821802063E+02
1.619904792E+01  2.867725830E+02
1.620562354E+01  2.900737610E+02
1.621219916E+01  2.926546326E+02
1.621877479E+01  2.945314026E+02
1.622535041E+01  2.939483032E+02
1.623192603E+01  2.938462830E+02
1.623850166E+01  2.927698975E+02
1.624507728E+01  2.919091187E+02
1.625165290E+01  2.907049561E+02
1.625822853E+01  2.878205261E+02
1.626480415E+01  2.837989197E+02
1.627137977E+01  2.788124695E+02
1.627795540E+01  2.730336914E+02
1.628453102E+01  2.660841370E+02
1.629110664E+01  2.593588562E+02
1.629768227E+01  2.524609680E+02
1.630425789E+01  2.452034607E+02
1.631083351E+01  2.392313538E+02
1.631740914E+01  2.334108887E+02
1.632398476E+01  2.260658112E+02
1.633056038E+01  2.176463013E+02
1.633713601E+01  2.094497375E+02
1.634371163E+01  2.004575348E+02
1.635028725E+01  1.915505371E+02
1.635686288E+01  1.823332214E+02
1.636343850E+01  1.727967834E+02
1.637001412E+01  1.654411621E+02
1.637658975E+01  1.586071777E+02
1.638316537E+01  1.512176208E+02
1.638974099E+01  1.438422852E+02
1.639631662E+01  1.365709686E+02
1.640289224E+01  1.285169067E+02
1.640946786E+01  1.216619873E+02
1.641604349E+01  1.168450470E+02
1.642261911E+01  1.116368332E+02
1.642919473E+01  1.055841827E+02
1.643577036E+01  1.000469131E+02
1.644234598E+01  9.550985718E+01
1.644892160E+01  9.004476166E+01
1.645549723E+01  8.478244019E+01
1.646207285E+01  7.899827576E+01
1.646864847E+01  7.370541382E+01
1.647522410E+01  6.813089752E+01
1.648179972E+01  6.357500839E+01
1.648837534E+01  5.873549271E+01
1.649495097E+01  5.555278015E+01
1.650152659E+01  5.300587463E+01
1.650810221E+01  5.041315079E+01
1.651467783E+01  4.802657700E+01
1.652125346E+01  4.661130524E+01
1.652782908E+01  4.517565918E+01
1.653440470E+01  4.328412628E+01
1.654098033E+01  4.062911987E+01
1.654755595E+01  3.782932663E+01
1.655413157E+01  3.603468323E+01
1.656070720E+01  3.500206757E+01
1.656728282E+01  3.515486145E+01
1.657385844E+01  3.589398193E+01
1.658043407E+01  3.365062332E+01
1.658700969E+01  3.128517532E+01
1.659358531E+01  3.201203156E+01
1.660016094E+01  3.216423416E+01
1.660673656E+01  3.286486053E+01
1.661331218E+01  3.211198425E+01
1.661988781E+01  3.160826683E+01
1.662646343E+01  3.064620209E+01
1.663303905E+01  3.070382881E+01
1.663961468E+01  3.168837547E+01
1.664619030E+01  3.222191238E+01
1.665276592E+01  3.246360779E+01
1.665934155E+01  3.422154617E+01
1.666591717E+01  3.654013824E+01
1.667249279E+01  3.923038483E+01
1.667906842E+01  4.099634552E+01
1.668564404E+01  4.277058792E+01
1.669221966E+01  4.554817581E+01
1.669879529E+01  4.828851318E+01
1.670537091E+01  5.111751175E+01
1.671194653E+01  5.257854843E+01
1.671852216E+01  5.363931656E+01
1.672509778E+01  5.445012665E+01
1.673167340E+01  5.630433655E+01
1.673824903E+01  5.850898743E+01
1.674482465E+01  6.037501907E+01
1.675140027E+01  6.072557449E+01
1.675797590E+01  6.128907394E+01
1.676455152E+01  6.302294540E+01
1.677112714E+01  6.505208588E+01
1.677770277E+01  6.641010284E+01
1.678427839E+01  6.656223297E+01
1.679085401E+01  6.848202515E+01
1.679742964E+01  7.031392670E+01
1.680400526E+01  7.300856018E+01
1.681058088E+01  7.398966980E+01
1.681715651E+01  7.506726837E+01
1.682373213E+01  7.742292023E+01
1.683030775E+01  8.061128998E+01
1.683688338E+01  8.352392578E+01
1.684345900E+01  8.572426605E+01
1.685003462E+01  8.672792816E+01
1.685661024E+01  8.798752594E+01
1.686318587E+01  8.856505585E+01
1.686976149E+01  9.004792023E+01
1.687633711E+01  9.227010345E+01
1.688291274E+01  9.508416748E+01
1.688948836E+01  9.803551483E+01
1.689606398E+01  1.001915588E+02
1.690263961E+01  1.027520218E+02
1.690921523E+01  1.041866531E+02
1.691579085E+01  1.054339523E+02
1.692236648E+01  1.061150360E+02
1.692894210E+01  1.071268997E+02
1.693551772E+01  1.084612579E+02
1.694209335E+01  1.108456573E+02
1.694866897E+01  1.110042419E+02
1.695524459E+01  1.117138672E+02
1.696182022E+01  1.114086151E+02
1.696839584E+01  1.106929550E+02
1.697497146E+01  1.097631760E+02
1.698154709E+01  1.075103531E+02
1.698812271E+01  1.034193192E+02
1.699469833E+01  1.015310440E+02
1.700127396E+01  1.019777832E+02
1.700784958E+01  1.001901474E+02
1.701442520E+01  9.747811127E+01
1.702100083E+01  9.383084869E+01
1.702757645E+01  9.084689331E+01
1.703415207E+01  8.690943909E+01
1.704072770E+01  8.393585205E+01
1.704730332E+01  8.129467010E+01
1.705387894E+01  7.823770905E+01
1.706045457E+01  7.499725342E+01
1.706703019E+01  7.285540771E+01
1.707360581E+01  6.986474609E+01
1.708018144E+01  6.635277557E+01
1.708675706E+01  6.413380432E+01
1.709333268E+01  6.088492584E+01
1.709990831E+01  5.723247528E+01
1.710648393E+01  5.385599899E+01
1.711305955E+01  5.074218369E+01
1.711963518E+01  4.780692291E+01
1.712621080E+01  4.553398895E+01
1.713278642E+01  4.316204071E+01
1.713936205E+01  4.115827179E+01
1.714593767E+01  3.906018829E+01
1.715251329E+01  3.645659256E+01
1.715908892E+01  3.478784180E+01
1.716566454E+01  3.226239395E+01
1.717224016E+01  2.871028519E+01
1.717881578E+01  2.754946327E+01
1.718539141E+01  2.673499489E+01
1.719196703E+01  2.618045616E+01
1.719854265E+01  2.481798744E+01
1.720511828E+01  2.348208427E+01
1.721169390E+01  2.139397049E+01
1.721826952E+01  1.964303970E+01
1.722484515E+01  1.777621651E+01
1.723142077E+01  1.598593426E+01
1.723799639E+01  1.505398464E+01
1.724457202E+01  1.515718269E+01
1.725114764E+01  1.506023121E+01
1.725772326E+01  1.554883003E+01
1.726429889E+01  1.678953171E+01
1.727087451E+01  1.643765259E+01
1.727745013E+01  1.579449654E+01
1.728402576E+01  1.593626118E+01
1.729060138E+01  1.622282410E+01
1.729717700E+01  1.581434345E+01
1.730375263E+01  1.351890850E+01
1.731032825E+01  1.054108238E+01
1.731690387E+01  8.584919930E+00
1.732347950E+01  7.925750256E+00
1.733005512E+01  7.481949806E+00
1.733663074E+01  6.194827080E+00
1.734320637E+01  5.077450275E+00
1.734978199E+01  3.989549160E+00
1.735635761E+01  3.252751827E+00
1.736293324E+01  4.132029533E+00
1.736950886E+01  4.836186409E+00
1.737608448E+01  4.929970264E+00
1.738266011E+01  3.640716314E+00
1.738923573E+01  2.491647005E+00
1.739581135E+01  9.903530478E-01
1.740238698E+01  3.587753177E-01
1.740896260E+01  2.026406974E-01
1.741553822E+01  2.756248415E-01
1.742211385E+01  1.398788214E+00
1.742868947E+01  1.954231143E+00
1.743526509E+01  2.969568729E+00
1.744184072E+01  2.511000156E+00
1.744841634E+01  1.489462376E+00
1.745499196E+01  1.102528453E+00
1.746156759E+01  1.489193201E+00
1.746814321E+01  1.546770692E+00
1.747471883E+01  2.001695871E+00
1.748129446E+01  2.050639868E+00
1.748787008E+01  1.127112269E+00
1.749444570E+01  -1.678746045E-01
1.750102132E+01  -4.666829407E-01
1.750759695E+01  4.464927316E-01
1.751417257E+01  2.687383413E+00
1.752074819E+01  3.374184132E+00
1.752732382E+01  2.733510256E+00
1.753389944E+01  1.732720256E+00
1.754047506E+01  7.815749645E-01
1.754705069E+01  9.548916221E-01
1.755362631E+01  7.967413664E-01
1.756020193E+01  6.605254114E-02
1.756677756E+01  -4.650516510E-01
1.757335318E+01  3.642326295E-01
1.757992880E+01  1.995477319E+00
1.758650443E+01  2.745746374E+00
1.759308005E+01  2.644507408E+00
1.759965567E+01  3.302770138E+00
1.760623130E+01  3.751950502E+00
1.761280692E+01  2.942892313E+00
1.761938254E+01  1.448502183E+00
1.762595817E+01  9.085714221E-01
1.763253379E+01  8.305560946E-01
1.763910941E+01  1.606665134E+00
1.764568504E+01  2.286808729E+00
1.765226066E+01  2.562972546E+00
1.765883628E+01  2.910819054E+00
1.766541191E+01  2.898281097E+00
1.767198753E+01  3.163588762E+00
1.767856315E+01  1.783435106E+00
1.768513878E+01  9.697536826E-01
1.769171440E+01  2.229387522E+00
1.769829002E+01  3.733719349E+00
1.770486565E+01  4.996896267E+00
1.771144127E+01  5.389014244E+00
1.771801689E+01  4.449109077E+00
1.772459252E+01  4.174219608E+00
1.773116814E+01  4.689312935E+00
1.773774376E+01  5.380097866E+00
1.774431939E+01  6.138144493E+00
1.775089501E+01  6.483443737E+00
1.775747063E+01  6.831500053E+00
1.776404626E+01  6.026047707E+00
1.777062188E+01  6.292174816E+00
1.777719750E+01  6.555664062E+00
1.778377313E+01  6.617305756E+00
1.779034875E+01  5.985908985E+00
1.779692437E+01  5.060429573E+00
1.780350000E+01  4.833583355E+00
1.781007562E+01  5.208740234E+00
1.781665124E+01  7.006759167E+00
1.782322687E+01  7.380537510E+00
1.782980249E+01  7.612374306E+00
1.783637811E+01  7.786818981E+00
1.784295373E+01  8.037252426E+00
1.784952936E+01  7.597155094E+00
1.785610498E+01  8.184867859E+00
1.786268060E+01  9.172539711E+00
1.786925623E+01  9.185730934E+00
1.787583185E+01  8.291404724E+00
1.788240747E+01  8.995965004E+00
1.788898310E+01  9.442526817E+00
1.789555872E+01  9.482202530E+00
1.790213434E+01  8.270288467E+00
1.790870997E+01  7.979647160E+00
1.791528559E+01  8.827073097E+00
1.792186121E+01  1.040044022E+01
1.792843684E+01  1.139112282E+01
1.793501246E+01  1.103247643E+01
1.794158808E+01  1.034739304E+01
1.794816371E+01  8.905142784E+00
1.795473933E+01  7.591878414E+00
1.796131495E+01  7.591598511E+00
1.796789058E+01  8.212808609E+00
1.797446620E+01  9.943208694E+00
1.798104182E+01  1.050048161E+01
1.798761745E+01  1.279420567E+01
1.799419307E+01  1.348054600E+01
1.800076869E+01  1.233237743E+01
1.800734432E+01  1.008205318E+01
1.801391994E+01  1.015237331E+01
1.802049556E+01  1.133284760E+01
1.802707119E+01  1.117423630E+01
1.803364681E+01  1.109596729E+01
1.804022243E+01  1.054922581E+01
1.804679806E+01  1.035630894E+01
1.805337368E+01  1.002410412E+01
1.805994930E+01  1.017084408E+01
1.806652493E+01  1.115598965E+01
1.807310055E+01  1.156265068E+01
1.807967617E+01  1.121222973E+01
1.808625180E+01  1.225329018E+01
1.809282742E+01  1.276897335E+01
1.809940304E+01  1.322670174E+01
1.810597867E+01  1.338735771E+01
1.811255429E+01  1.194345951E+01
1.811912991E+01  1.062609577E+01
1.812570554E+01  9.597495079E+00
1.813228116E+01  1.015757179E+01
1.813885678E+01  1.254274273E+01
1.814543241E+01  1.454019165E+01
1.815200803E+01  1.506012344E+01
1.815858365E+01  1.354934406E+01
1.816515927E+01  1.292728710E+01
1.817173490E+01  1.270516014E+01
1.817831052E+01  1.256309128E+01
1.818488614E+01  1.150247097E+01
1.819146177E+01  1.166529274E+01
1.819803739E+01  1.167546272E+01
1.820461301E+01  1.197522831E+01
1.821118864E+01  1.265135574E+01
1.821776426E+01  1.268708134E+01
1.822433988E+01  1.253145981E+01
1.823091551E+01  1.293578815E+01
1.823749113E+01  1.383154583E+01
1.824406675E+01  1.363361645E+01
1.825064238E+01  1.245611858E+01
1.825721800E+01  1.234629440E+01
1.826379362E+01  1.310336208E+01
1.827036925E+01  1.326679993E+01
1.827694487E+01  1.383363533E+01
1.828352049E+01  1.413686657E+01
1.829009612E+01  1.355786419E+01
1.829667174E+01  1.317383194E+01
1.830324736E+01  1.330517197E+01
1.830982299E+01  1.369809818E+01
1.831639861E+01  1.417111874E+01
1.832297423E+01  1.456717968E+01
1.832954986E+01  1.319311523E+01
1.833612548E+01  1.169073486E+01
1.834270110E+01  1.047627068E+01
1.834927673E+01  1.034535122E+01
1.835585235E+01  1.134311008E+01
1.836242797E+01  1.219240665E+01
1.836900360E+01  1.313512135E+01
1.837557922E+01  1.333742714E+01
1.838215484E+01  1.235608959E+01
1.838873047E+01  1.161356163E+01
1.839530609E+01  1.130178642E+01
1.840188171E+01  1.151305389E+01
1.840845734E+01  1.257544899E+01
1.841503296E+01  1.314074421E+01
1.842160858E+01  1.298029423E+01
1.842818421E+01  1.407098007E+01
1.843475983E+01  1.588183498E+01
1.844133545E+01  1.669143105E+01
1.844791108E+01  1.637646103E+01
1.845448670E+01  1.502942467E+01
1.846106232E+01  1.497572231E+01
1.846763795E+01  1.572533035E+01
1.847421357E+01  1.657436943E+01
1.848078919E+01  1.731996346E+01
1.848736482E+01  1.529490852E+01
1.849394044E+01  1.452491379E+01
1.850051606E+01  1.386435223E+01
1.850709168E+01  1.355143642E+01
1.851366731E+01  1.448459721E+01
1.852024293E+01  1.556330013E+01
1.852681855E+01  1.578131199E+01
1.853339418E+01  1.404016972E+01
1.853996980E+01  1.256715107E+01
1.854654542E+01  1.257883739E+01
1.855312105E+01  1.289097023E+01
1.855969667E+01  1.417722988E+01
1.856627229E+01  1.422508049E+01
1.857284792E+01  1.489523315E+01
1.857942354E+01  1.433012295E+01
1.858599916E+01  1.419657612E+01
1.859257479E+01  1.373217773E+01
1.859915041E+01  1.403383636E+01
1.860572603E+01  1.438785172E+01
1.861230166E+01  1.385730267E+01
1.861887728E+01  1.410284710E+01
1.862545290E+01  1.396669865E+01
1.863202853E+01  1.359567356E+01
1.863860415E+01  1.304080391E+01
1.864517977E+01  1.208009911E+01
1.865175540E+01  1.272441006E+01
1.865833102E+01  1.413150978E+01
1.866490664E+01  1.555630493E+01
1.867148227E+01  1.617750740E+01
1.867805789E+01  1.637451935E+01
1.868463351E+01  1.503164577E+01
1.869120914E+01  1.363528633E+01
1.869778476E+01  1.359133720E+01
1.870436038E+01  1.351866913E+01
1.871093601E+01  1.333849430E+01
1.871751163E+01  1.328805161E+01
1.872408725E+01  1.343966007E+01
1.873066288E+01  1.420852852E+01
1.873723850E+01  1.460324574E+01
1.874381412E+01  1.599725437E+01
1.875038975E+01  1.616985130E+01
1.875696537E+01  1.526027393E+01
1.876354099E+01  1.475058079E+01
1.877011662E+01  1.504912663E+01
1.877669224E+01  1.649101448E+01
1.878326786E+01  1.870427704E+01
1.878984349E+01  1.786960983E+01
1.879641911E+01  1.666077614E+01
1.880299473E+01  1.427875042E+01
1.880957036E+01  1.330375385E+01
1.881614598E+01  1.268791389E+01
1.882272160E+01  1.153308582E+01
1.882929722E+01  1.066165638E+01
1.883587285E+01  1.094858456E+01
1.884244847E+01  1.117542553E+01
1.884902409E+01  1.058699608E+01
1.885559972E+01  1.066973305E+01
1.886217534E+01  1.145740128E+01
1.886875096E+01  1.191834545E+01
1.887532659E+01  1.081345463E+01
1.888190221E+01  1.009708786E+01
1.888847783E+01  1.022424984E+01
1.889505346E+01  1.038745213E+01
1.890162908E+01  1.066371536E+01
1.890820470E+01  1.037250233E+01
1.891478033E+01  8.804728508E+00
1.892135595E+01  6.107030392E+00
1.892793157E+01  5.119146824E+00
1.893450720E+01  4.671241760E+00
1.894108282E+01  5.293319702E+00
1.894765844E+01  6.252759457E+00
1.895423407E+01  6.696324348E+00
1.896080969E+01  5.996760845E+00
1.896738531E+01  5.584257603E+00
1.897396094E+01  6.127030849E+00
1.898053656E+01  5.798346043E+00
1.898711218E+01  4.623633862E+00
1.899368781E+01  3.973623991E+00
1.900026343E+01  4.291878700E+00
1.900683905E+01  4.237881184E+00
1.901341468E+01  3.940506697E+00
1.901999030E+01  3.967831850E+00
1.902656592E+01  4.310151100E+00
1.903314155E+01  3.583231449E+00
1.903971717E+01  2.302379370E+00
1.904629279E+01  2.771259546E+00
1.905286842E+01  3.922855854E+00
1.905944404E+01  3.352795362E+00
1.906601966E+01  4.058209419E+00
1.907259529E+01  4.607706070E+00
1.907917091E+01  6.005140305E+00
1.908574653E+01  6.697369576E+00
1.909232216E+01  5.553631306E+00
1.909889778E+01  4.716446400E+00
1.910547340E+01  4.300615788E+00
1.911204903E+01  4.478414059E+00
1.911862465E+01  5.059880733E+00
1.912520027E+01  4.030148029E+00
1.913177590E+01  4.288947105E+00
1.913835152E+01  3.480991364E+00
1.914492714E+01  4.988555908E+00
1.915150276E+01  6.709804058E+00
1.915807839E+01  6.854328156E+00
1.916465401E+01  5.947313309E+00
1.917122963E+01  5.443199158E+00
1.917780526E+01  4.636808872E+00
1.918438088E+01  4.498861790E+00
1.919095650E+01  4.760044098E+00
1.919753213E+01  3.550698757E+00
1.920410775E+01  2.920295477E+00
1.921068337E+01  2.541775227E+00
1.921725900E+01  3.390264988E+00
1.922383462E+01  3.121690989E+00
1.923041024E+01  3.027248621E+00
1.923698587E+01  1.963635206E+00
1.924356149E+01  2.492007494E+00
1.925013711E+01  2.125663519E+00
1.925671274E+01  2.239324570E+00
1.926328836E+01  2.787663460E+00
1.926986398E+01  4.149692059E+00
1.927643961E+01  3.932239771E+00
1.928301523E+01  3.733684063E+00
1.928959085E+01  3.889563322E+00
1.929616648E+01  4.632724762E+00
1.930274210E+01  5.069283962E+00
1.930931772E+01  5.102463245E+00
1.931589335E+01  4.093921661E+00
1.932246897E+01  2.827392817E+00
1.932904459E+01  1.705550790E+00
1.933562022E+01  2.152451515E+00
1.934219584E+01  1.028942466E+00
1.934877146E+01  5.097535849E-01
1.935534709E+01  5.740248561E-01
1.936192271E+01  8.021303415E-01
1.936849833E+01  3.325436115E-01
1.937507396E+01  -4.401617050E-01
1.938164958E+01  -6.026750207E-01
1.938822520E+01  -4.135487676E-01
1.939480083E+01  4.124162793E-01
1.940137645E+01  5.659886822E-02
1.940795207E+01  -3.613440692E-01
1.941452770E+01  1.821630001E-01
1.942110332E+01  5.742078647E-02
1.942767894E+01  1.676341444E-01
1.943425457E+01  -5.183404684E-02
1.944083019E+01  5.960769579E-02
1.944740581E+01  -2.854100466E-01
1.945398144E+01  4.501882195E-01
1.946055706E+01  -3.321172595E-01
1.946713268E+01  -5.384922028E-02
1.947370831E+01  -2.366720699E-02
1.948028393E+01  3.289473951E-01
1.948685955E+01  -2.505878806E-01
1.949343517E+01  5.522677675E-02
