6.006831854E+00  -1.515298244E-02
6.013407478E+00  2.217153460E-02
6.019983101E+00  1.362151504E-01
6.026558724E+00  -2.691611648E-01
6.033134347E+00  -1.629699767E-01
6.039709971E+00  3.594240248E-01
6.046285594E+00  4.045882523E-01
6.052861217E+00  -3.421194851E-01
6.059436840E+00  -3.828620911E-01
6.066012464E+00  2.320245951E-01
6.072588087E+00  1.118364453E+00
6.079163710E+00  9.329632521E-01
6.085739334E+00  1.219375372E+00
6.092314957E+00  2.474871725E-01
6.098890580E+00  -1.055093184E-01
6.105466203E+00  -1.080662310E-01
6.112041827E+00  -4.843167067E-01
6.118617450E+00  -1.934130341E-01
6.125193073E+00  1.394180059E-01
6.131768696E+00  1.203866720E+00
6.138344320E+00  2.192260265E+00
6.144919943E+00  2.130388021E+00
6.151495566E+00  1.725208282E+00
6.158071190E+00  1.540890932E+00
6.164646813E+00  5.517270565E-01
6.171222436E+00  -5.759387612E-01
6.177798059E+00  -7.088716626E-01
6.184373683E+00  -7.459753007E-02
6.190949306E+00  7.229583263E-01
6.197524929E+00  1.575885057E+00
6.204100552E+00  1.945570469E+00
6.210676176E+00  8.600739837E-01
6.217251799E+00  -3.418941423E-02
6.223827422E+00  -7.505203038E-02
6.230403045E+00  -5.502809286E-01
6.236978669E+00  -9.570225477E-01
6.243554292E+00  -7.026806474E-01
6.250129915E+00  9.254370928E-01
6.256705539E+00  1.983933926E+00
6.263281162E+00  3.185208082E+00
6.269856785E+00  2.837273836E+00
6.276432408E+00  3.126905680E+00
6.283008032E+00  3.641175747E+00
6.289583655E+00  4.081258297E+00
6.296159278E+00  3.262265205E+00
6.302734901E+00  2.956232071E+00
6.309310525E+00  1.785512090E+00
6.315886148E+00  2.045703650E+00
6.322461771E+00  2.802074194E+00
6.329037394E+00  2.761648893E+00
6.335613018E+00  2.907509565E+00
6.342188641E+00  3.200942755E+00
6.348764264E+00  4.603130817E+00
6.355339888E+00  5.048697472E+00
6.361915511E+00  4.823499203E+00
6.368491134E+00  5.041966438E+00
6.375066757E+00  4.429335117E+00
6.381642381E+00  3.378735304E+00
6.388218004E+00  2.138866425E+00
6.394793627E+00  1.638616443E+00
6.401369250E+00  1.728908062E+00
6.407944874E+00  2.966783285E+00
6.414520497E+00  4.055257320E+00
6.421096120E+00  5.249009609E+00
6.427671743E+00  4.823812485E+00
6.434247367E+00  3.532552719E+00
6.440822990E+00  2.658930302E+00
6.447398613E+00  1.748663545E+00
6.453974237E+00  2.426160097E+00
6.460549860E+00  2.426042080E+00
6.467125483E+00  1.961835861E+00
6.473701106E+00  8.097541928E-01
6.480276730E+00  1.081685305E+00
6.486852353E+00  1.235971332E+00
6.493427976E+00  1.431686997E+00
6.500003599E+00  1.938573360E+00
6.506579223E+00  3.313810110E+00
6.513154846E+00  4.551677704E+00
6.519730469E+00  4.123595715E+00
6.526306092E+00  2.693687439E+00
6.532881716E+00  1.583610177E+00
6.539457339E+00  1.480789542E+00
6.546032962E+00  2.927901745E+00
6.552608586E+00  3.739357471E+00
6.559184209E+00  5.040103912E+00
6.565759832E+00  4.304670811E+00
6.572335455E+00  4.878157616E+00
6.578911079E+00  5.881741524E+00
6.585486702E+00  5.246122837E+00
6.592062325E+00  4.431743145E+00
6.598637948E+00  5.285232544E+00
6.605213572E+00  5.075796604E+00
6.611789195E+00  5.554063320E+00
6.618364818E+00  6.570013523E+00
6.624940441E+00  6.855464935E+00
6.631516065E+00  6.971833706E+00
6.638091688E+00  6.011317253E+00
6.644667311E+00  5.885719299E+00
6.651242935E+00  5.638710022E+00
6.657818558E+00  5.842801571E+00
6.664394181E+00  6.353739738E+00
6.670969804E+00  5.018023968E+00
6.677545428E+00  3.806931257E+00
6.684121051E+00  3.788924456E+00
6.690696674E+00  3.442386866E+00
6.697272297E+00  1.543797016E+00
6.703847921E+00  3.246656805E-02
6.710423544E+00  2.112160623E-01
6.716999167E+00  5.881648660E-01
6.723574790E+00  1.322771072E+00
6.730150414E+00  1.117673874E+00
6.736726037E+00  1.431827188E+00
6.743301660E+00  1.853303790E+00
6.749877284E+00  2.621026516E+00
6.756452907E+00  4.632829666E+00
6.763028530E+00  6.382235050E+00
6.769604153E+00  6.992636204E+00
6.776179777E+00  7.918970108E+00
6.782755400E+00  7.969696999E+00
6.789331023E+00  6.880538940E+00
6.795906646E+00  5.473424911E+00
6.802482270E+00  4.605225563E+00
6.809057893E+00  4.560581684E+00
6.815633516E+00  4.446194172E+00
6.822209139E+00  5.027005196E+00
6.828784763E+00  5.515261650E+00
6.835360386E+00  5.479691029E+00
6.841936009E+00  6.926548004E+00
6.848511633E+00  7.899219513E+00
6.855087256E+00  6.964299679E+00
6.861662879E+00  5.826568127E+00
6.868238502E+00  4.698853493E+00
6.874814126E+00  3.740744114E+00
6.881389749E+00  2.161603689E+00
6.887965372E+00  2.101664543E+00
6.894540995E+00  3.953797340E+00
6.901116619E+00  4.887185097E+00
6.907692242E+00  6.207180977E+00
6.914267865E+00  7.059163570E+00
6.920843488E+00  6.335517406E+00
6.927419112E+00  5.634132385E+00
6.933994735E+00  4.085799217E+00
6.940570358E+00  3.059784651E+00
6.947145982E+00  2.812274933E+00
6.953721605E+00  2.885314941E+00
6.960297228E+00  2.789436817E+00
6.966872851E+00  2.606700182E+00
6.973448475E+00  2.874496222E+00
6.980024098E+00  1.231557488E+00
6.986599721E+00  -1.586879194E-01
6.993175344E+00  -6.356911063E-01
6.999750968E+00  7.936789393E-01
7.006326591E+00  2.177313805E+00
7.012902214E+00  3.759719133E+00
7.019477837E+00  3.489101410E+00
7.026053461E+00  4.512976646E+00
7.032629084E+00  4.577829361E+00
7.039204707E+00  5.060359955E+00
7.045780331E+00  4.446729183E+00
7.052355954E+00  3.997834206E+00
7.058931577E+00  4.170927525E+00
7.065507200E+00  3.544657469E+00
7.072082824E+00  3.781697989E+00
7.078658447E+00  3.716382027E+00
7.085234070E+00  4.827341557E+00
7.091809693E+00  5.468936920E+00
7.098385317E+00  5.933006763E+00
7.104960940E+00  4.516236305E+00
7.111536563E+00  3.588990211E+00
7.118112186E+00  3.412437439E+00
7.124687810E+00  4.473499775E+00
7.131263433E+00  5.109355927E+00
7.137839056E+00  4.770127296E+00
7.144414680E+00  5.033524990E+00
7.150990303E+00  3.674669027E+00
7.157565926E+00  3.717849493E+00
7.164141549E+00  4.168463707E+00
7.170717173E+00  3.464926004E+00
7.177292796E+00  3.141031504E+00
7.183868419E+00  2.842813015E+00
7.190444042E+00  3.473329067E+00
7.197019666E+00  3.871145964E+00
7.203595289E+00  4.205862045E+00
7.210170912E+00  5.852635384E+00
7.216746535E+00  7.083364487E+00
7.223322159E+00  7.521293640E+00
7.229897782E+00  6.641762257E+00
7.236473405E+00  4.967043877E+00
7.243049029E+00  3.702592611E+00
7.249624652E+00  4.337881565E+00
7.256200275E+00  5.172295094E+00
7.262775898E+00  5.720651150E+00
7.269351522E+00  5.786449432E+00
7.275927145E+00  5.730670929E+00
7.282502768E+00  4.971290112E+00
7.289078391E+00  4.640251637E+00
7.295654015E+00  5.056121826E+00
7.302229638E+00  5.124955177E+00
7.308805261E+00  3.814405918E+00
7.315380884E+00  4.942042828E+00
7.321956508E+00  5.724405289E+00
7.328532131E+00  6.811164856E+00
7.335107754E+00  5.041210651E+00
7.341683378E+00  4.786866188E+00
7.348259001E+00  5.594497204E+00
7.354834624E+00  7.513588905E+00
7.361410247E+00  6.763479710E+00
7.367985871E+00  5.394226074E+00
7.374561494E+00  4.949920654E+00
7.381137117E+00  5.026045799E+00
7.387712740E+00  4.700127602E+00
7.394288364E+00  4.731185913E+00
7.400863987E+00  5.596836567E+00
7.407439610E+00  6.387329102E+00
7.414015233E+00  6.173464298E+00
7.420590857E+00  6.057132244E+00
7.427166480E+00  5.101979733E+00
7.433742103E+00  4.743330002E+00
7.440317727E+00  4.622907639E+00
7.446893350E+00  5.387437344E+00
7.453468973E+00  5.339535713E+00
7.460044596E+00  5.736802101E+00
7.466620220E+00  5.808437824E+00
7.473195843E+00  5.446674347E+00
7.479771466E+00  4.127692699E+00
7.486347089E+00  3.516870737E+00
7.492922713E+00  3.020076036E+00
7.499498336E+00  2.622800589E+00
7.506073959E+00  2.476363659E+00
7.512649582E+00  2.686509371E+00
7.519225206E+00  1.704051495E+00
7.525800829E+00  8.851957321E-01
7.532376452E+00  2.520546913E-01
7.538952076E+00  1.120349050E+00
7.545527699E+00  9.961487055E-01
7.552103322E+00  -5.088332891E-01
7.558678945E+00  -1.573961854E+00
7.565254569E+00  -2.285153389E+00
7.571830192E+00  -1.881699324E+00
7.578405815E+00  -1.200847626E+00
7.584981438E+00  1.829030752E+00
7.591557062E+00  2.041950703E+00
7.598132685E+00  1.285525441E+00
7.604708308E+00  4.092375040E-01
7.611283931E+00  1.855000973E+00
7.617859555E+00  1.511151552E+00
7.624435178E+00  1.825222611E+00
7.631010801E+00  2.193576574E+00
7.637586425E+00  4.269979477E+00
7.644162048E+00  4.592047215E+00
7.650737671E+00  4.733569145E+00
7.657313294E+00  5.237105846E+00
7.663888918E+00  4.717974186E+00
7.670464541E+00  3.862274408E+00
7.677040164E+00  3.623651028E+00
7.683615787E+00  3.377571821E+00
7.690191411E+00  2.893480062E+00
7.696767034E+00  3.728825092E+00
7.703342657E+00  3.626021624E+00
7.709918281E+00  3.798571825E+00
7.716493904E+00  4.958402157E+00
7.723069527E+00  6.652769566E+00
7.729645150E+00  9.038671494E+00
7.736220774E+00  1.014309788E+01
7.742796397E+00  1.161547184E+01
7.749372020E+00  1.111827660E+01
7.755947643E+00  1.141299438E+01
7.762523267E+00  1.146753693E+01
7.769098890E+00  1.100361156E+01
7.775674513E+00  9.855129242E+00
7.782250136E+00  1.019087219E+01
7.788825760E+00  9.330905914E+00
7.795401383E+00  1.038282394E+01
7.801977006E+00  1.135796642E+01
7.808552630E+00  1.210600853E+01
7.815128253E+00  1.099758339E+01
7.821703876E+00  1.004392624E+01
7.828279499E+00  8.998935699E+00
7.834855123E+00  9.159969330E+00
7.841430746E+00  8.669116974E+00
7.848006369E+00  8.131381989E+00
7.854581992E+00  9.065857887E+00
7.861157616E+00  9.200660706E+00
7.867733239E+00  9.162874222E+00
7.874308862E+00  1.026322746E+01
7.880884485E+00  1.188232708E+01
7.887460109E+00  1.149556255E+01
7.894035732E+00  1.039918709E+01
7.900611355E+00  9.178085327E+00
7.907186979E+00  8.624235153E+00
7.913762602E+00  8.319224358E+00
7.920338225E+00  8.373506546E+00
7.926913848E+00  9.320925713E+00
7.933489472E+00  8.646551132E+00
7.940065095E+00  7.569866180E+00
7.946640718E+00  9.583346367E+00
7.953216341E+00  1.104277992E+01
7.959791965E+00  9.670678139E+00
7.966367588E+00  8.653443336E+00
7.972943211E+00  8.936275482E+00
7.979518834E+00  9.371610641E+00
7.986094458E+00  8.528191566E+00
7.992670081E+00  8.741355896E+00
7.999245704E+00  9.408440590E+00
8.005821328E+00  1.100537968E+01
8.012396951E+00  1.272487736E+01
8.018972574E+00  1.372934055E+01
8.025548197E+00  1.315331173E+01
8.032123821E+00  1.128657246E+01
8.038699444E+00  1.040031242E+01
8.045275067E+00  1.048297119E+01
8.051850690E+00  1.204247856E+01
8.058426314E+00  1.280059433E+01
8.065001937E+00  1.490628529E+01
8.071577560E+00  1.721258354E+01
8.078153183E+00  1.898215294E+01
8.084728807E+00  1.909774208E+01
8.091304430E+00  2.116619492E+01
8.097880053E+00  2.309364128E+01
8.104455677E+00  2.467584038E+01
8.111031300E+00  2.576175117E+01
8.117606923E+00  2.680139732E+01
8.124182546E+00  2.834635353E+01
8.130758170E+00  3.132758331E+01
8.137333793E+00  3.476393890E+01
8.143909416E+00  3.826363373E+01
8.150485039E+00  4.248810959E+01
8.157060663E+00  4.594012833E+01
8.163636286E+00  5.205703354E+01
8.170211909E+00  5.701739883E+01
8.176787532E+00  6.101153946E+01
8.183363156E+00  6.529425049E+01
8.189938779E+00  7.258224487E+01
8.196514402E+00  7.892138672E+01
8.203090026E+00  8.688636017E+01
8.209665649E+00  9.380139160E+01
8.216241272E+00  1.025678864E+02
8.222816895E+00  1.117293625E+02
8.229392519E+00  1.239475250E+02
8.235968142E+00  1.366428833E+02
8.242543765E+00  1.487066956E+02
8.249119388E+00  1.608036499E+02
8.255695012E+00  1.732356873E+02
8.262270635E+00  1.880395813E+02
8.268846258E+00  2.036642761E+02
8.275421881E+00  2.202154236E+02
8.281997505E+00  2.376566010E+02
8.288573128E+00  2.563522949E+02
8.295148751E+00  2.788197937E+02
8.301724375E+00  3.032414246E+02
8.308299998E+00  3.284733276E+02
8.314875621E+00  3.516309204E+02
8.321451244E+00  3.733193665E+02
8.328026868E+00  3.939558411E+02
8.334602491E+00  4.076551819E+02
8.341178114E+00  4.209937134E+02
8.347753737E+00  4.293977966E+02
8.354329361E+00  4.342400818E+02
8.360904984E+00  4.347931213E+02
8.367480607E+00  4.315041809E+02
8.374056230E+00  4.308151855E+02
8.380631854E+00  4.283609314E+02
8.387207477E+00  4.258703918E+02
8.393783100E+00  4.223557129E+02
8.400358724E+00  4.173954773E+02
8.406934347E+00  4.116136780E+02
8.413509970E+00  4.045931702E+02
8.420085593E+00  3.959457092E+02
8.426661217E+00  3.875842896E+02
8.433236840E+00  3.776796875E+02
8.439812463E+00  3.663372803E+02
8.446388086E+00  3.539938965E+02
8.452963710E+00  3.396597290E+02
8.459539333E+00  3.259904175E+02
8.466114956E+00  3.121972351E+02
8.472690579E+00  2.999319763E+02
8.479266203E+00  2.890929565E+02
8.485841826E+00  2.779129944E+02
8.492417449E+00  2.663836975E+02
8.498993073E+00  2.535250549E+02
8.505568696E+00  2.409160767E+02
8.512144319E+00  2.283467865E+02
8.518719942E+00  2.162990875E+02
8.525295566E+00  2.057588043E+02
8.531871189E+00  1.952166748E+02
8.538446812E+00  1.843577728E+02
8.545022435E+00  1.740869446E+02
8.551598059E+00  1.646312561E+02
8.558173682E+00  1.558560333E+02
8.564749305E+00  1.465909424E+02
8.571324928E+00  1.378551025E+02
8.577900552E+00  1.305148163E+02
8.584476175E+00  1.215550842E+02
8.591051798E+00  1.134061661E+02
8.597627422E+00  1.059949417E+02
8.604203045E+00  1.007942047E+02
8.610778668E+00  9.614439392E+01
8.617354291E+00  9.129466248E+01
8.623929915E+00  8.639794922E+01
8.630505538E+00  8.186747742E+01
8.637081161E+00  7.710372925E+01
8.643656784E+00  7.196228027E+01
8.650232408E+00  6.664196014E+01
8.656808031E+00  6.259891129E+01
8.663383654E+00  5.925361252E+01
8.669959277E+00  5.646257401E+01
8.676534901E+00  5.278004837E+01
8.683110524E+00  4.946095657E+01
8.689686147E+00  4.714985657E+01
8.696261771E+00  4.667147064E+01
8.702837394E+00  4.583243561E+01
8.709413017E+00  4.354094315E+01
8.715988640E+00  4.141708755E+01
8.722564264E+00  4.044960403E+01
8.729139887E+00  3.882252502E+01
8.735715510E+00  3.875845718E+01
8.742291133E+00  3.797071075E+01
8.748866757E+00  3.558763123E+01
8.755442380E+00  3.191529846E+01
8.762018003E+00  3.026466370E+01
8.768593626E+00  2.982509422E+01
8.775169250E+00  2.935627174E+01
8.781744873E+00  2.950800705E+01
8.788320496E+00  3.084955215E+01
8.794896120E+00  3.174508286E+01
8.801471743E+00  3.143963432E+01
8.808047366E+00  3.102688217E+01
8.814622989E+00  3.079289246E+01
8.821198613E+00  3.065996361E+01
8.827774236E+00  2.976622963E+01
8.834349859E+00  3.024934006E+01
8.840925482E+00  3.167420387E+01
8.847501106E+00  3.183473778E+01
8.854076729E+00  3.126120567E+01
8.860652352E+00  3.154588699E+01
8.867227975E+00  3.111408424E+01
8.873803599E+00  3.186962318E+01
8.880379222E+00  3.047171021E+01
8.886954845E+00  2.946970367E+01
8.893530469E+00  2.773083496E+01
8.900106092E+00  2.655008698E+01
8.906681715E+00  2.497341919E+01
8.913257338E+00  2.394719315E+01
8.919832962E+00  2.311699295E+01
8.926408585E+00  2.189842987E+01
8.932984208E+00  2.114071083E+01
8.939559831E+00  2.152458763E+01
8.946135455E+00  2.212144279E+01
8.952711078E+00  2.226437187E+01
8.959286701E+00  2.260532379E+01
8.965862324E+00  2.458725548E+01
8.972437948E+00  2.444902039E+01
8.979013571E+00  2.394802856E+01
8.985589194E+00  2.401062202E+01
8.992164818E+00  2.616763496E+01
8.998740441E+00  2.830682564E+01
9.005316064E+00  2.932961655E+01
9.011891687E+00  2.973557091E+01
9.018467311E+00  2.930793190E+01
9.025042934E+00  2.881186676E+01
9.031618557E+00  2.910335541E+01
9.038194180E+00  2.923270798E+01
9.044769804E+00  3.030685997E+01
9.051345427E+00  2.875598717E+01
9.057921050E+00  2.757226372E+01
9.064496673E+00  2.703643227E+01
9.071072297E+00  2.803079224E+01
9.077647920E+00  3.048353195E+01
9.084223543E+00  3.100496483E+01
9.090799167E+00  3.111506462E+01
9.097374790E+00  3.136065865E+01
9.103950413E+00  3.361425400E+01
9.110526036E+00  3.522198486E+01
9.117101660E+00  3.748311615E+01
9.123677283E+00  3.749963760E+01
9.130252906E+00  3.728760910E+01
9.136828529E+00  3.643926239E+01
9.143404153E+00  3.641743088E+01
9.149979776E+00  3.715663910E+01
9.156555399E+00  3.808262253E+01
9.163131022E+00  3.787551498E+01
9.169706646E+00  3.847864151E+01
9.176282269E+00  3.737195206E+01
9.182857892E+00  3.637232208E+01
9.189433516E+00  3.433813477E+01
9.196009139E+00  3.335824966E+01
9.202584762E+00  3.135404778E+01
9.209160385E+00  2.935532761E+01
9.215736009E+00  2.750419044E+01
9.222311632E+00  2.832995987E+01
9.228887255E+00  2.822719383E+01
9.235462878E+00  2.741126251E+01
9.242038502E+00  2.510437965E+01
9.248614125E+00  2.273384094E+01
9.255189748E+00  2.124843216E+01
9.261765372E+00  2.065651512E+01
9.268340995E+00  2.053384018E+01
9.274916618E+00  2.022178459E+01
9.281492241E+00  2.003536034E+01
9.288067865E+00  2.004349136E+01
9.294643488E+00  2.204410362E+01
9.301219111E+00  2.494596481E+01
9.307794734E+00  2.509143257E+01
9.314370358E+00  2.437023163E+01
9.320945981E+00  2.378047752E+01
9.327521604E+00  2.423630524E+01
9.334097227E+00  2.504295158E+01
9.340672851E+00  2.635379791E+01
9.347248474E+00  3.019429398E+01
9.353824097E+00  3.293069458E+01
9.360399721E+00  3.734820557E+01
9.366975344E+00  3.730965042E+01
9.373550967E+00  4.011926270E+01
9.380126590E+00  3.980441284E+01
9.386702214E+00  4.403454590E+01
9.393277837E+00  4.878184128E+01
9.399853460E+00  5.422354126E+01
9.406429083E+00  5.781961060E+01
9.413004707E+00  6.214132309E+01
9.419580330E+00  6.511297607E+01
9.426155953E+00  6.873161316E+01
9.432731576E+00  7.347278595E+01
9.439307200E+00  7.839994812E+01
9.445882823E+00  8.518101501E+01
9.452458446E+00  9.286136627E+01
9.459034070E+00  1.025210190E+02
9.465609693E+00  1.121091461E+02
9.472185316E+00  1.234928894E+02
9.478760939E+00  1.357649536E+02
9.485336563E+00  1.494658356E+02
9.491912186E+00  1.634860840E+02
9.498487809E+00  1.778686218E+02
9.505063432E+00  1.916202240E+02
9.511639056E+00  2.046529694E+02
9.518214679E+00  2.180649567E+02
9.524790302E+00  2.316178436E+02
9.531365925E+00  2.460181427E+02
9.537941549E+00  2.602868042E+02
9.544517172E+00  2.749511719E+02
9.551092795E+00  2.897011414E+02
9.557668419E+00  3.035405884E+02
9.564244042E+00  3.171819153E+02
9.570819665E+00  3.301470947E+02
9.577395288E+00  3.465615845E+02
9.583970912E+00  3.583043213E+02
9.590546535E+00  3.662742004E+02
9.597122158E+00  3.785494080E+02
9.603697781E+00  3.895440063E+02
9.610273405E+00  3.986774292E+02
9.616849028E+00  4.055137024E+02
9.623424651E+00  4.065010681E+02
9.630000274E+00  4.031932678E+02
9.636575898E+00  3.966528625E+02
9.643151521E+00  3.874228210E+02
9.649727144E+00  3.780071106E+02
9.656302768E+00  3.664116516E+02
9.662878391E+00  3.539323120E+02
9.669454014E+00  3.407459717E+02
9.676029637E+00  3.272041626E+02
9.682605261E+00  3.145466919E+02
9.689180884E+00  3.000338440E+02
9.695756507E+00  2.863443604E+02
9.702332130E+00  2.716564636E+02
9.708907754E+00  2.580873718E+02
9.715483377E+00  2.414535217E+02
9.722059000E+00  2.275366516E+02
9.728634623E+00  2.141604919E+02
9.735210247E+00  2.009178162E+02
9.741785870E+00  1.880263977E+02
9.748361493E+00  1.775032806E+02
9.754937117E+00  1.682742615E+02
9.761512740E+00  1.599218140E+02
9.768088363E+00  1.510035248E+02
9.774663986E+00  1.423738403E+02
9.781239610E+00  1.354384918E+02
9.787815233E+00  1.291959534E+02
9.794390856E+00  1.230509415E+02
9.800966479E+00  1.194829025E+02
9.807542103E+00  1.160693970E+02
9.814117726E+00  1.128132935E+02
9.820693349E+00  1.086812973E+02
9.827268972E+00  1.061137772E+02
9.833844596E+00  1.038582001E+02
9.840420219E+00  1.045717163E+02
9.846995842E+00  1.045110779E+02
9.853571466E+00  1.043392792E+02
9.860147089E+00  1.041578064E+02
9.866722712E+00  1.063415756E+02
9.873298335E+00  1.076536789E+02
9.879873959E+00  1.088977509E+02
9.886449582E+00  1.096230316E+02
9.893025205E+00  1.107942886E+02
9.899600828E+00  1.109431763E+02
9.906176452E+00  1.118450241E+02
9.912752075E+00  1.119582672E+02
9.919327698E+00  1.122525558E+02
9.925903321E+00  1.110032349E+02
9.932478945E+00  1.098406219E+02
9.939054568E+00  1.085903473E+02
9.945630191E+00  1.085551071E+02
9.952205815E+00  1.078163986E+02
9.958781438E+00  1.072697067E+02
9.965357061E+00  1.062089310E+02
9.971932684E+00  1.022453918E+02
9.978508308E+00  9.854263306E+01
9.985083931E+00  9.300298309E+01
9.991659554E+00  9.006149292E+01
9.998235177E+00  8.626550293E+01
1.000481080E+01  8.279567719E+01
1.001138642E+01  7.872915649E+01
1.001796205E+01  7.497707367E+01
1.002453767E+01  7.131187439E+01
1.003111329E+01  6.903630066E+01
1.003768892E+01  6.656440735E+01
1.004426454E+01  6.378534698E+01
1.005084016E+01  6.074941635E+01
1.005741579E+01  5.900396347E+01
1.006399141E+01  5.657681656E+01
1.007056703E+01  5.342156982E+01
1.007714266E+01  4.875159454E+01
1.008371828E+01  4.447555542E+01
1.009029390E+01  4.147673416E+01
1.009686953E+01  3.991427994E+01
1.010344515E+01  3.708015060E+01
1.011002077E+01  3.511932755E+01
1.011659640E+01  3.184573364E+01
1.012317202E+01  3.019681740E+01
1.012974764E+01  2.886148834E+01
1.013632327E+01  2.721370888E+01
1.014289889E+01  2.711376572E+01
1.014947451E+01  2.703668404E+01
1.015605014E+01  2.678707123E+01
1.016262576E+01  2.508994675E+01
1.016920138E+01  2.410488701E+01
1.017577701E+01  2.215895081E+01
1.018235263E+01  2.088046074E+01
1.018892825E+01  1.806667709E+01
1.019550388E+01  1.573214912E+01
1.020207950E+01  1.541876125E+01
1.020865512E+01  1.551996040E+01
1.021523075E+01  1.612499428E+01
1.022180637E+01  1.580992126E+01
1.022838199E+01  1.553117466E+01
1.023495762E+01  1.607038307E+01
1.024153324E+01  1.615790367E+01
1.024810886E+01  1.631560135E+01
1.025468448E+01  1.621963882E+01
1.026126011E+01  1.559598541E+01
1.026783573E+01  1.523604393E+01
1.027441135E+01  1.527985287E+01
1.028098698E+01  1.567409706E+01
1.028756260E+01  1.650071716E+01
1.029413822E+01  1.608384705E+01
1.030071385E+01  1.526569271E+01
1.030728947E+01  1.439383507E+01
1.031386509E+01  1.393207264E+01
1.032044072E+01  1.471969700E+01
1.032701634E+01  1.398711967E+01
1.033359196E+01  1.240421009E+01
1.034016759E+01  1.101193619E+01
1.034674321E+01  1.022871399E+01
1.035331883E+01  9.566715240E+00
1.035989446E+01  1.061623955E+01
1.036647008E+01  1.103204536E+01
1.037304570E+01  1.101235294E+01
1.037962133E+01  1.089698696E+01
1.038619695E+01  1.127040482E+01
1.039277257E+01  1.364431095E+01
1.039934820E+01  1.440150928E+01
1.040592382E+01  1.442870903E+01
1.041249944E+01  1.401740456E+01
1.041907507E+01  1.470420933E+01
1.042565069E+01  1.563608837E+01
1.043222631E+01  1.495512104E+01
1.043880194E+01  1.419742966E+01
1.044537756E+01  1.315548038E+01
1.045195318E+01  1.077993870E+01
1.045852881E+01  9.213363647E+00
1.046510443E+01  7.874185085E+00
1.047168005E+01  7.455245018E+00
1.047825568E+01  8.128381729E+00
1.048483130E+01  8.212890625E+00
1.049140692E+01  8.094951630E+00
1.049798255E+01  7.909765244E+00
1.050455817E+01  6.905314922E+00
1.051113379E+01  6.329577446E+00
1.051770942E+01  6.799173832E+00
1.052428504E+01  8.031304359E+00
1.053086066E+01  8.807125092E+00
1.053743629E+01  8.801828384E+00
1.054401191E+01  9.049484253E+00
1.055058753E+01  8.010424614E+00
1.055716316E+01  7.619585514E+00
1.056373878E+01  6.299198151E+00
1.057031440E+01  4.627738476E+00
1.057689002E+01  4.047445774E+00
1.058346565E+01  3.582583904E+00
1.059004127E+01  4.216885567E+00
1.059661689E+01  4.206050873E+00
1.060319252E+01  3.752065897E+00
1.060976814E+01  3.115507126E+00
1.061634376E+01  2.742495775E+00
1.062291939E+01  9.897958636E-01
1.062949501E+01  9.275504351E-01
1.063607063E+01  2.523673475E-01
1.064264626E+01  -3.498865366E-01
1.064922188E+01  6.279468536E-01
1.065579750E+01  1.232091188E+00
1.066237313E+01  1.254379153E+00
1.066894875E+01  2.761993408E-01
1.067552437E+01  2.725002766E-01
1.068210000E+01  6.376705766E-01
1.068867562E+01  2.093254566E+00
1.069525124E+01  3.354456425E+00
1.070182687E+01  3.786391497E+00
1.070840249E+01  3.661899567E+00
1.071497811E+01  2.572677135E+00
1.072155374E+01  2.820880890E+00
1.072812936E+01  3.767759562E+00
1.073470498E+01  3.141273260E+00
1.074128061E+01  3.408650637E+00
1.074785623E+01  3.396018505E+00
1.075443185E+01  3.303539991E+00
1.076100748E+01  1.823576570E+00
1.076758310E+01  4.116860032E-01
1.077415872E+01  -4.946288466E-01
1.078073435E+01  -5.633220673E-01
1.078730997E+01  -1.722971499E-01
1.079388559E+01  1.286786050E-01
1.080046122E+01  9.258313477E-02
1.080703684E+01  -2.954831719E-02
1.081361246E+01  2.853021026E-01
1.082018809E+01  1.607524872E+00
1.082676371E+01  2.001171827E+00
1.083333933E+01  2.884794712E+00
1.083991496E+01  3.063672066E+00
1.084649058E+01  3.670237303E+00
1.085306620E+01  3.117202997E+00
1.085964183E+01  3.053616047E+00
1.086621745E+01  1.409288406E+00
1.087279307E+01  3.386456072E-01
1.087936870E+01  -2.323995531E-01
1.088594432E+01  1.442868352E+00
1.089251994E+01  4.177083969E+00
1.089909556E+01  4.475753307E+00
1.090567119E+01  4.069480419E+00
1.091224681E+01  3.185449362E+00
1.091882243E+01  3.845765114E+00
1.092539806E+01  4.899677753E+00
1.093197368E+01  5.269189358E+00
1.093854930E+01  5.981765747E+00
1.094512493E+01  6.192799091E+00
1.095170055E+01  4.988340855E+00
1.095827617E+01  4.401214600E+00
1.096485180E+01  5.798222065E+00
1.097142742E+01  7.154069424E+00
1.097800304E+01  6.886817455E+00
1.098457867E+01  7.132292271E+00
1.099115429E+01  7.073677063E+00
1.099772991E+01  7.295516491E+00
1.100430554E+01  5.807640553E+00
1.101088116E+01  4.892822266E+00
1.101745678E+01  4.433436394E+00
1.102403241E+01  4.409509659E+00
1.103060803E+01  3.913364649E+00
1.103718365E+01  3.629116297E+00
1.104375928E+01  4.350736618E+00
1.105033490E+01  4.923461914E+00
1.105691052E+01  5.928850174E+00
1.106348615E+01  6.310272694E+00
1.107006177E+01  6.993516922E+00
1.107663739E+01  6.559639931E+00
1.108321302E+01  6.006199837E+00
1.108978864E+01  6.476258755E+00
1.109636426E+01  8.229575157E+00
1.110293989E+01  9.428737640E+00
1.110951551E+01  1.041992664E+01
1.111609113E+01  1.045117760E+01
1.112266676E+01  1.075050449E+01
1.112924238E+01  1.006349850E+01
1.113581800E+01  9.052256584E+00
1.114239363E+01  8.534636497E+00
1.114896925E+01  8.279668808E+00
1.115554487E+01  7.049549103E+00
1.116212050E+01  6.034209251E+00
1.116869612E+01  5.548094749E+00
1.117527174E+01  6.259167671E+00
1.118184737E+01  6.397893429E+00
1.118842299E+01  5.994544506E+00
1.119499861E+01  5.385547161E+00
1.120157424E+01  5.633893967E+00
1.120814986E+01  5.942228794E+00
1.121472548E+01  6.241712570E+00
1.122130111E+01  7.870248795E+00
1.122787673E+01  8.256075859E+00
1.123445235E+01  9.204874992E+00
1.124102797E+01  8.404167175E+00
1.124760360E+01  9.189424515E+00
1.125417922E+01  1.066711903E+01
1.126075484E+01  1.170104694E+01
1.126733047E+01  1.171311378E+01
1.127390609E+01  1.123704243E+01
1.128048171E+01  1.146329689E+01
1.128705734E+01  1.113702774E+01
1.129363296E+01  1.069528389E+01
1.130020858E+01  1.156534863E+01
1.130678421E+01  1.237811852E+01
1.131335983E+01  1.295052528E+01
1.131993545E+01  1.380458069E+01
1.132651108E+01  1.433582973E+01
1.133308670E+01  1.402429008E+01
1.133966232E+01  1.154480457E+01
1.134623795E+01  1.131733036E+01
1.135281357E+01  1.116026211E+01
1.135938919E+01  1.171328163E+01
1.136596482E+01  1.356772995E+01
1.137254044E+01  1.581006432E+01
1.137911606E+01  1.586267662E+01
1.138569169E+01  1.497119904E+01
1.139226731E+01  1.439200401E+01
1.139884293E+01  1.458996010E+01
1.140541856E+01  1.438002968E+01
1.141199418E+01  1.480520058E+01
1.141856980E+01  1.450171947E+01
1.142514543E+01  1.382458401E+01
1.143172105E+01  1.255847359E+01
1.143829667E+01  1.306668282E+01
1.144487230E+01  1.547763729E+01
1.145144792E+01  1.687630844E+01
1.145802354E+01  1.572656822E+01
1.146459917E+01  1.436582470E+01
1.147117479E+01  1.363343716E+01
1.147775041E+01  1.248106956E+01
1.148432604E+01  1.147757149E+01
1.149090166E+01  1.203163528E+01
1.149747728E+01  1.432099628E+01
1.150405291E+01  1.488618374E+01
1.151062853E+01  1.457045937E+01
1.151720415E+01  1.437675381E+01
1.152377978E+01  1.421913242E+01
1.153035540E+01  1.435687160E+01
1.153693102E+01  1.560149956E+01
1.154350665E+01  1.718690681E+01
1.155008227E+01  1.652667046E+01
1.155665789E+01  1.543866634E+01
1.156323351E+01  1.627056122E+01
1.156980914E+01  1.712392426E+01
1.157638476E+01  1.893040657E+01
1.158296038E+01  1.875495911E+01
1.158953601E+01  1.876947212E+01
1.159611163E+01  1.812728310E+01
1.160268725E+01  1.897049522E+01
1.160926288E+01  1.959649086E+01
1.161583850E+01  2.050529099E+01
1.162241412E+01  1.999379349E+01
1.162898975E+01  1.955518341E+01
1.163556537E+01  1.841263390E+01
1.164214099E+01  1.759839439E+01
1.164871662E+01  1.754462624E+01
1.165529224E+01  1.862049484E+01
1.166186786E+01  2.096421623E+01
1.166844349E+01  2.335853767E+01
1.167501911E+01  2.449245262E+01
1.168159473E+01  2.370437622E+01
1.168817036E+01  2.303926277E+01
1.169474598E+01  2.263239861E+01
1.170132160E+01  2.354729462E+01
1.170789723E+01  2.272832108E+01
1.171447285E+01  2.509884834E+01
1.172104847E+01  2.547238922E+01
1.172762410E+01  2.391196251E+01
1.173419972E+01  2.069689751E+01
1.174077534E+01  1.969148064E+01
1.174735097E+01  1.817455292E+01
1.175392659E+01  1.679506683E+01
1.176050221E+01  1.585383224E+01
1.176707784E+01  1.530058002E+01
1.177365346E+01  1.630769920E+01
1.178022908E+01  1.801095200E+01
1.178680471E+01  1.994942665E+01
1.179338033E+01  2.002206421E+01
1.179995595E+01  1.837439156E+01
1.180653158E+01  1.787654114E+01
1.181310720E+01  1.794552040E+01
1.181968282E+01  1.804032516E+01
1.182625845E+01  1.715559769E+01
1.183283407E+01  1.531478024E+01
1.183940969E+01  1.596319675E+01
1.184598532E+01  1.712087250E+01
1.185256094E+01  1.846310425E+01
1.185913656E+01  1.847964287E+01
1.186571219E+01  1.725496292E+01
1.187228781E+01  1.658838463E+01
1.187886343E+01  1.582756424E+01
1.188543906E+01  1.537728596E+01
1.189201468E+01  1.603442574E+01
1.189859030E+01  1.601626778E+01
1.190516592E+01  1.440044975E+01
1.191174155E+01  1.414009476E+01
1.191831717E+01  1.467270184E+01
1.192489279E+01  1.576096630E+01
1.193146842E+01  1.529551411E+01
1.193804404E+01  1.591062164E+01
1.194461966E+01  1.405844116E+01
1.195119529E+01  1.361836720E+01
1.195777091E+01  1.395026875E+01
1.196434653E+01  1.516303444E+01
1.197092216E+01  1.535579109E+01
1.197749778E+01  1.558079338E+01
1.198407340E+01  1.603873062E+01
1.199064903E+01  1.523693752E+01
1.199722465E+01  1.439124393E+01
1.200380027E+01  1.522187710E+01
1.201037590E+01  1.540756226E+01
1.201695152E+01  1.611042023E+01
1.202352714E+01  1.692373276E+01
1.203010277E+01  1.648325539E+01
1.203667839E+01  1.743744659E+01
1.204325401E+01  1.799677277E+01
1.204982964E+01  1.899524117E+01
1.205640526E+01  1.892456818E+01
1.206298088E+01  1.841222191E+01
1.206955651E+01  1.778390503E+01
1.207613213E+01  1.715048218E+01
1.208270775E+01  1.597047138E+01
1.208928338E+01  1.636694527E+01
1.209585900E+01  1.725154686E+01
1.210243462E+01  1.759939957E+01
1.210901025E+01  1.751208878E+01
1.211558587E+01  1.723524094E+01
1.212216149E+01  1.597639942E+01
1.212873712E+01  1.541038990E+01
1.213531274E+01  1.645276260E+01
1.214188836E+01  1.757033157E+01
1.214846399E+01  1.798186684E+01
1.215503961E+01  1.793885040E+01
1.216161523E+01  1.899549866E+01
1.216819086E+01  2.047116089E+01
1.217476648E+01  2.269250870E+01
1.218134210E+01  2.360633469E+01
1.218791773E+01  2.378881645E+01
1.219449335E+01  2.305441666E+01
1.220106897E+01  2.455694962E+01
1.220764460E+01  2.489554214E+01
1.221422022E+01  2.479187393E+01
1.222079584E+01  2.487290001E+01
1.222737146E+01  2.560541725E+01
1.223394709E+01  2.470475197E+01
1.224052271E+01  2.391797066E+01
1.224709833E+01  2.345014763E+01
1.225367396E+01  2.387793350E+01
1.226024958E+01  2.470131874E+01
1.226682520E+01  2.646423912E+01
1.227340083E+01  2.780437851E+01
1.227997645E+01  2.908939934E+01
1.228655207E+01  2.945014763E+01
1.229312770E+01  3.026258469E+01
1.229970332E+01  3.123177338E+01
1.230627894E+01  3.182303047E+01
1.231285457E+01  3.261300278E+01
1.231943019E+01  3.423789978E+01
1.232600581E+01  3.533930969E+01
1.233258144E+01  3.459641647E+01
1.233915706E+01  3.365861130E+01
1.234573268E+01  3.246973419E+01
1.235230831E+01  3.369480515E+01
1.235888393E+01  3.486603928E+01
1.236545955E+01  3.670216751E+01
1.237203518E+01  3.772222137E+01
1.237861080E+01  3.895060730E+01
1.238518642E+01  3.969736481E+01
1.239176205E+01  3.987850189E+01
1.239833767E+01  4.021276093E+01
1.240491329E+01  4.088372803E+01
1.241148892E+01  4.155057144E+01
1.241806454E+01  4.106143570E+01
1.242464016E+01  4.059795380E+01
1.243121579E+01  4.194722748E+01
1.243779141E+01  4.274207306E+01
1.244436703E+01  4.346636963E+01
1.245094266E+01  4.319189835E+01
1.245751828E+01  4.085566711E+01
1.246409390E+01  3.891715240E+01
1.247066953E+01  3.790809631E+01
1.247724515E+01  3.855408096E+01
1.248382077E+01  3.914710617E+01
1.249039640E+01  3.920523453E+01
1.249697202E+01  3.943746185E+01
1.250354764E+01  4.034476471E+01
1.251012327E+01  3.924354935E+01
1.251669889E+01  3.880911255E+01
1.252327451E+01  3.909859085E+01
1.252985014E+01  4.008805847E+01
1.253642576E+01  4.070964050E+01
1.254300138E+01  4.116353989E+01
1.254957700E+01  4.099125671E+01
1.255615263E+01  4.036661911E+01
1.256272825E+01  4.117439270E+01
1.256930387E+01  4.263722610E+01
1.257587950E+01  4.425902557E+01
1.258245512E+01  4.510569763E+01
1.258903074E+01  4.461230087E+01
1.259560637E+01  4.430274582E+01
1.260218199E+01  4.347194672E+01
1.260875761E+01  4.374391556E+01
1.261533324E+01  4.416746902E+01
1.262190886E+01  4.521133804E+01
1.262848448E+01  4.437648392E+01
1.263506011E+01  4.498808670E+01
1.264163573E+01  4.538401413E+01
1.264821135E+01  4.545243454E+01
1.265478698E+01  4.504732513E+01
1.266136260E+01  4.618624115E+01
1.266793822E+01  4.717922211E+01
1.267451385E+01  4.805894852E+01
1.268108947E+01  4.799776840E+01
1.268766509E+01  4.741215134E+01
1.269424072E+01  4.550763702E+01
1.270081634E+01  4.384963226E+01
1.270739196E+01  4.317882919E+01
1.271396759E+01  4.357039261E+01
1.272054321E+01  4.432947540E+01
1.272711883E+01  4.364598846E+01
1.273369446E+01  4.404089737E+01
1.274027008E+01  4.374465179E+01
1.274684570E+01  4.343983459E+01
1.275342133E+01  4.239791107E+01
1.275999695E+01  4.144014740E+01
1.276657257E+01  3.964463806E+01
1.277314820E+01  3.988392639E+01
1.277972382E+01  4.063113785E+01
1.278629944E+01  4.103029251E+01
1.279287507E+01  4.059065247E+01
1.279945069E+01  3.825556183E+01
1.280602631E+01  3.642393494E+01
1.281260194E+01  3.510454941E+01
1.281917756E+01  3.330813980E+01
1.282575318E+01  3.171389389E+01
1.283232881E+01  3.137942696E+01
1.283890443E+01  3.192924881E+01
1.284548005E+01  3.233991623E+01
1.285205568E+01  3.244298172E+01
1.285863130E+01  3.093570709E+01
1.286520692E+01  2.963108826E+01
1.287178255E+01  3.042073631E+01
1.287835817E+01  3.169967651E+01
1.288493379E+01  3.059341240E+01
1.289150941E+01  2.942617226E+01
1.289808504E+01  2.867600250E+01
1.290466066E+01  2.767103958E+01
1.291123628E+01  2.562468147E+01
1.291781191E+01  2.529085541E+01
1.292438753E+01  2.398696136E+01
1.293096315E+01  2.358314133E+01
1.293753878E+01  2.322003937E+01
1.294411440E+01  2.320725250E+01
1.295069002E+01  2.305700874E+01
1.295726565E+01  2.163994026E+01
1.296384127E+01  2.081935120E+01
1.297041689E+01  2.156401825E+01
1.297699252E+01  2.043793106E+01
1.298356814E+01  1.883564949E+01
1.299014376E+01  1.651745033E+01
1.299671939E+01  1.454976749E+01
1.300329501E+01  1.354834843E+01
1.300987063E+01  1.394339657E+01
1.301644626E+01  1.452741623E+01
1.302302188E+01  1.450600052E+01
1.302959750E+01  1.396560001E+01
1.303617313E+01  1.358934498E+01
1.304274875E+01  1.389532757E+01
1.304932437E+01  1.368923473E+01
1.305590000E+01  1.396962643E+01
1.306247562E+01  1.366230965E+01
1.306905124E+01  1.244259930E+01
1.307562687E+01  1.083151531E+01
1.308220249E+01  9.662091255E+00
1.308877811E+01  9.448511124E+00
1.309535374E+01  9.103883743E+00
1.310192936E+01  9.102843285E+00
1.310850498E+01  9.057720184E+00
1.311508061E+01  7.631624699E+00
1.312165623E+01  5.647337437E+00
1.312823185E+01  4.514064789E+00
1.313480748E+01  4.760642529E+00
1.314138310E+01  5.206923485E+00
1.314795872E+01  5.406648159E+00
1.315453435E+01  4.193831444E+00
1.316110997E+01  2.788720608E+00
1.316768559E+01  2.309512854E+00
1.317426122E+01  2.414446354E+00
1.318083684E+01  3.932171106E+00
1.318741246E+01  4.513604164E+00
1.319398809E+01  5.586031437E+00
1.320056371E+01  5.633869648E+00
1.320713933E+01  4.923276901E+00
1.321371495E+01  5.829297543E+00
1.322029058E+01  7.764577866E+00
1.322686620E+01  7.021647453E+00
1.323344182E+01  7.016085625E+00
1.324001745E+01  7.025777340E+00
1.324659307E+01  7.912106991E+00
1.325316869E+01  6.884115696E+00
1.325974432E+01  8.044890404E+00
1.326631994E+01  8.036582947E+00
1.327289556E+01  8.265504837E+00
1.327947119E+01  9.632110596E+00
1.328604681E+01  1.185472870E+01
1.329262243E+01  1.291389561E+01
1.329919806E+01  1.431797981E+01
1.330577368E+01  1.536392593E+01
1.331234930E+01  1.532963562E+01
1.331892493E+01  1.647690010E+01
1.332550055E+01  1.970520592E+01
1.333207617E+01  2.351120567E+01
1.333865180E+01  2.624116516E+01
1.334522742E+01  2.768128967E+01
1.335180304E+01  2.864805603E+01
1.335837867E+01  2.949945068E+01
1.336495429E+01  3.123163414E+01
1.337152991E+01  3.432466507E+01
1.337810554E+01  3.782841110E+01
1.338468116E+01  4.077175522E+01
1.339125678E+01  4.352878952E+01
1.339783241E+01  4.560886002E+01
1.340440803E+01  4.712140274E+01
1.341098365E+01  5.041219330E+01
1.341755928E+01  5.413216400E+01
1.342413490E+01  5.866321945E+01
1.343071052E+01  6.143412781E+01
1.343728615E+01  6.465686035E+01
1.344386177E+01  6.794767761E+01
1.345043739E+01  7.318164825E+01
1.345701302E+01  7.746769714E+01
1.346358864E+01  8.104415894E+01
1.347016426E+01  8.356587219E+01
1.347673989E+01  8.715543365E+01
1.348331551E+01  9.126015472E+01
1.348989113E+01  9.519403839E+01
1.349646676E+01  9.910214996E+01
1.350304238E+01  1.028668518E+02
1.350961800E+01  1.070716705E+02
1.351619363E+01  1.116336288E+02
1.352276925E+01  1.154267960E+02
1.352934487E+01  1.203720856E+02
1.353592050E+01  1.248152466E+02
1.354249612E+01  1.290131378E+02
1.354907174E+01  1.332899933E+02
1.355564736E+01  1.391844177E+02
1.356222299E+01  1.452457581E+02
1.356879861E+01  1.515341034E+02
1.357537423E+01  1.574606018E+02
1.358194986E+01  1.624700928E+02
1.358852548E+01  1.660650482E+02
1.359510110E+01  1.693402252E+02
1.360167673E+01  1.750397644E+02
1.360825235E+01  1.807442627E+02
1.361482797E+01  1.859884186E+02
1.362140360E+01  1.887151184E+02
1.362797922E+01  1.922007446E+02
1.363455484E+01  1.956450195E+02
1.364113047E+01  1.982891846E+02
1.364770609E+01  1.997411804E+02
1.365428171E+01  2.001157532E+02
1.366085734E+01  2.016477966E+02
1.366743296E+01  2.048500366E+02
1.367400858E+01  2.081721802E+02
1.368058421E+01  2.117177734E+02
1.368715983E+01  2.120527649E+02
1.369373545E+01  2.115961151E+02
1.370031108E+01  2.090504913E+02
1.370688670E+01  2.072855072E+02
1.371346232E+01  2.052426300E+02
1.372003795E+01  2.053080902E+02
1.372661357E+01  2.058666687E+02
1.373318919E+01  2.059555054E+02
1.373976482E+01  2.027245026E+02
1.374634044E+01  1.990257416E+02
1.375291606E+01  1.972371674E+02
1.375949169E+01  1.961078186E+02
1.376606731E+01  1.954418945E+02
1.377264293E+01  1.939234924E+02
1.377921856E+01  1.913612213E+02
1.378579418E+01  1.884704132E+02
1.379236980E+01  1.844756927E+02
1.379894543E+01  1.820518494E+02
1.380552105E+01  1.795900116E+02
1.381209667E+01  1.772766876E+02
1.381867230E+01  1.754429626E+02
1.382524792E+01  1.719349823E+02
1.383182354E+01  1.687717896E+02
1.383839917E+01  1.646613922E+02
1.384497479E+01  1.608484039E+02
1.385155041E+01  1.580593719E+02
1.385812604E+01  1.560144653E+02
1.386470166E+01  1.526707306E+02
1.387127728E+01  1.488943329E+02
1.387785290E+01  1.451119995E+02
1.388442853E+01  1.410375824E+02
1.389100415E+01  1.374683838E+02
1.389757977E+01  1.339737396E+02
1.390415540E+01  1.304871826E+02
1.391073102E+01  1.279178696E+02
1.391730664E+01  1.253980637E+02
1.392388227E+01  1.226484299E+02
1.393045789E+01  1.183432465E+02
1.393703351E+01  1.151582336E+02
1.394360914E+01  1.127574158E+02
1.395018476E+01  1.106714935E+02
1.395676038E+01  1.070752258E+02
1.396333601E+01  1.033660202E+02
1.396991163E+01  9.927868652E+01
1.397648725E+01  9.630436707E+01
1.398306288E+01  9.507826996E+01
1.398963850E+01  9.335424805E+01
1.399621412E+01  9.052725983E+01
1.400278975E+01  8.700202942E+01
1.400936537E+01  8.458660889E+01
1.401594099E+01  8.379559326E+01
1.402251662E+01  8.254005432E+01
1.402909224E+01  7.975059509E+01
1.403566786E+01  7.737784576E+01
1.404224349E+01  7.426746368E+01
1.404881911E+01  7.111518097E+01
1.405539473E+01  6.742436981E+01
1.406197036E+01  6.540151978E+01
1.406854598E+01  6.390155411E+01
1.407512160E+01  6.231016922E+01
1.408169723E+01  6.099840164E+01
1.408827285E+01  5.992861176E+01
1.409484847E+01  5.794694138E+01
1.410142410E+01  5.467882538E+01
1.410799972E+01  5.233369446E+01
1.411457534E+01  5.071765137E+01
1.412115097E+01  4.937801743E+01
1.412772659E+01  4.705888748E+01
1.413430221E+01  4.580025101E+01
1.414087784E+01  4.504396820E+01
1.414745346E+01  4.421137619E+01
1.415402908E+01  4.417206192E+01
1.416060471E+01  4.262764359E+01
1.416718033E+01  4.248432541E+01
1.417375595E+01  4.281335449E+01
1.418033158E+01  4.305023575E+01
1.418690720E+01  4.072324753E+01
1.419348282E+01  3.855011749E+01
1.420005844E+01  3.633841324E+01
1.420663407E+01  3.406075287E+01
1.421320969E+01  3.264384460E+01
1.421978531E+01  3.115844345E+01
1.422636094E+01  2.816065216E+01
1.423293656E+01  2.649612427E+01
1.423951218E+01  2.467994881E+01
1.424608781E+01  2.378922081E+01
1.425266343E+01  2.286050987E+01
1.425923905E+01  2.199239349E+01
1.426581468E+01  2.096362495E+01
1.427239030E+01  2.029953957E+01
1.427896592E+01  1.993123245E+01
1.428554155E+01  1.958178902E+01
1.429211717E+01  1.924870682E+01
1.429869279E+01  1.844266510E+01
1.430526842E+01  1.721975899E+01
1.431184404E+01  1.550863171E+01
1.431841966E+01  1.396986580E+01
1.432499529E+01  1.363952827E+01
1.433157091E+01  1.239157772E+01
1.433814653E+01  1.196276379E+01
1.434472216E+01  1.243163490E+01
1.435129778E+01  1.247927570E+01
1.435787340E+01  1.155337334E+01
1.436444903E+01  1.070610905E+01
1.437102465E+01  9.754796982E+00
1.437760027E+01  1.013736153E+01
1.438417590E+01  9.134986877E+00
1.439075152E+01  7.599171638E+00
1.439732714E+01  7.720769405E+00
1.440390277E+01  7.626183033E+00
1.441047839E+01  7.350019455E+00
1.441705401E+01  6.489875317E+00
1.442362964E+01  6.328895092E+00
1.443020526E+01  5.274736881E+00
1.443678088E+01  3.853712797E+00
1.444335651E+01  2.982762575E+00
1.444993213E+01  3.612517834E+00
1.445650775E+01  4.527597904E+00
1.446308338E+01  4.985768318E+00
1.446965900E+01  4.241377831E+00
1.447623462E+01  4.240184784E+00
1.448281025E+01  4.459198475E+00
1.448938587E+01  5.414494514E+00
1.449596149E+01  5.010820389E+00
1.450253712E+01  4.942966461E+00
1.450911274E+01  5.627403259E+00
1.451568836E+01  6.404432774E+00
1.452226399E+01  6.642678261E+00
1.452883961E+01  6.743479729E+00
1.453541523E+01  7.079370022E+00
1.454199085E+01  7.836848736E+00
1.454856648E+01  6.369897366E+00
1.455514210E+01  6.299098969E+00
1.456171772E+01  6.658125401E+00
1.456829335E+01  6.356136799E+00
1.457486897E+01  6.389207363E+00
1.458144459E+01  7.197749615E+00
1.458802022E+01  7.275397778E+00
1.459459584E+01  8.109927177E+00
1.460117146E+01  8.391263008E+00
1.460774709E+01  8.463624001E+00
1.461432271E+01  9.055510521E+00
1.462089833E+01  8.038973808E+00
1.462747396E+01  8.559015274E+00
1.463404958E+01  9.421280861E+00
1.464062520E+01  9.720476151E+00
1.464720083E+01  1.022220707E+01
1.465377645E+01  9.432799339E+00
1.466035207E+01  8.378598213E+00
1.466692770E+01  7.976085186E+00
1.467350332E+01  7.504532337E+00
1.468007894E+01  8.157274246E+00
1.468665457E+01  9.823933601E+00
1.469323019E+01  1.195077133E+01
1.469980581E+01  1.179703808E+01
1.470638144E+01  1.241006660E+01
1.471295706E+01  9.625277519E+00
1.471953268E+01  9.339611053E+00
1.472610831E+01  8.832334518E+00
1.473268393E+01  9.052634239E+00
1.473925955E+01  8.143055916E+00
1.474583518E+01  8.058644295E+00
1.475241080E+01  8.330127716E+00
1.475898642E+01  9.378373146E+00
1.476556205E+01  9.370826721E+00
1.477213767E+01  1.032649899E+01
1.477871329E+01  9.360104561E+00
1.478528892E+01  9.633719444E+00
1.479186454E+01  9.108739853E+00
1.479844016E+01  9.935525894E+00
1.480501579E+01  1.117020035E+01
1.481159141E+01  1.177269650E+01
1.481816703E+01  1.039484406E+01
1.482474266E+01  1.042626572E+01
1.483131828E+01  1.046654797E+01
1.483789390E+01  1.008500385E+01
1.484446953E+01  8.321653366E+00
1.485104515E+01  8.165737152E+00
1.485762077E+01  8.468799591E+00
1.486419639E+01  8.670281410E+00
1.487077202E+01  9.754056931E+00
1.487734764E+01  1.095595646E+01
1.488392326E+01  1.136679077E+01
1.489049889E+01  1.145091152E+01
1.489707451E+01  1.055987644E+01
1.490365013E+01  9.541829109E+00
1.491022576E+01  7.356729507E+00
1.491680138E+01  6.288271904E+00
1.492337700E+01  6.540072918E+00
1.492995263E+01  8.867997169E+00
1.493652825E+01  1.069441509E+01
1.494310387E+01  1.137382603E+01
1.494967950E+01  1.139256859E+01
1.495625512E+01  1.021793842E+01
1.496283074E+01  8.980316162E+00
1.496940637E+01  9.521512985E+00
1.497598199E+01  9.863024712E+00
1.498255761E+01  1.023240376E+01
1.498913324E+01  1.163210392E+01
1.499570886E+01  1.241370106E+01
1.500228448E+01  1.106890774E+01
1.500886011E+01  1.107039261E+01
1.501543573E+01  1.150410652E+01
1.502201135E+01  1.206781387E+01
1.502858698E+01  1.239775658E+01
1.503516260E+01  1.178154182E+01
1.504173822E+01  1.077874947E+01
1.504831385E+01  1.003391933E+01
1.505488947E+01  9.094420433E+00
1.506146509E+01  1.076983070E+01
1.506804072E+01  1.152499676E+01
1.507461634E+01  1.115337944E+01
1.508119196E+01  9.583204269E+00
1.508776759E+01  9.922381401E+00
1.509434321E+01  9.864271164E+00
1.510091883E+01  1.075359631E+01
1.510749446E+01  1.058498573E+01
1.511407008E+01  9.598669052E+00
1.512064570E+01  8.425990105E+00
1.512722133E+01  8.276904106E+00
1.513379695E+01  9.344277382E+00
1.514037257E+01  9.690114021E+00
1.514694820E+01  1.051655769E+01
1.515352382E+01  1.137194157E+01
1.516009944E+01  1.205362129E+01
1.516667507E+01  1.119000816E+01
1.517325069E+01  9.559418678E+00
1.517982631E+01  8.462139130E+00
1.518640194E+01  9.367403030E+00
1.519297756E+01  1.019219971E+01
1.519955318E+01  1.087256241E+01
1.520612880E+01  1.081864548E+01
1.521270443E+01  1.032830048E+01
1.521928005E+01  9.015788078E+00
1.522585567E+01  8.090096474E+00
1.523243130E+01  8.042931557E+00
1.523900692E+01  6.843049049E+00
1.524558254E+01  6.082745552E+00
1.525215817E+01  6.588692665E+00
1.525873379E+01  8.105045319E+00
1.526530941E+01  8.461411476E+00
1.527188504E+01  9.185151100E+00
1.527846066E+01  8.912030220E+00
1.528503628E+01  8.915997505E+00
1.529161191E+01  9.527155876E+00
1.529818753E+01  1.033049488E+01
1.530476315E+01  1.076989269E+01
1.531133878E+01  1.066520500E+01
1.531791440E+01  1.195689583E+01
1.532449002E+01  1.087253952E+01
1.533106565E+01  9.201236725E+00
1.533764127E+01  8.401520729E+00
1.534421689E+01  8.510054588E+00
1.535079252E+01  7.485862255E+00
1.535736814E+01  6.933966637E+00
1.536394376E+01  5.371500015E+00
1.537051939E+01  5.501630306E+00
1.537709501E+01  4.586120129E+00
1.538367063E+01  5.967786312E+00
1.539024626E+01  6.532902241E+00
1.539682188E+01  6.751725674E+00
1.540339750E+01  6.439729214E+00
1.540997313E+01  6.287872314E+00
1.541654875E+01  6.697563171E+00
1.542312437E+01  7.777728081E+00
1.542970000E+01  7.855555058E+00
1.543627562E+01  7.259206295E+00
1.544285124E+01  6.856882095E+00
1.544942687E+01  5.955257416E+00
1.545600249E+01  3.770675182E+00
1.546257811E+01  3.420842409E+00
1.546915374E+01  4.413113594E+00
1.547572936E+01  4.425251961E+00
1.548230498E+01  4.120370865E+00
1.548888061E+01  3.935507536E+00
1.549545623E+01  3.400471687E+00
1.550203185E+01  2.639310122E+00
1.550860748E+01  2.400091410E+00
1.551518310E+01  3.477270365E+00
1.552175872E+01  5.860124111E+00
1.552833434E+01  6.347501278E+00
1.553490997E+01  5.998501301E+00
1.554148559E+01  5.174471378E+00
1.554806121E+01  3.738710403E+00
1.555463684E+01  2.732740402E+00
1.556121246E+01  3.571130753E+00
1.556778808E+01  4.652825356E+00
1.557436371E+01  5.658020020E+00
1.558093933E+01  6.009097099E+00
1.558751495E+01  6.740745544E+00
1.559409058E+01  6.905234337E+00
1.560066620E+01  6.985008240E+00
1.560724182E+01  7.713002205E+00
1.561381745E+01  9.522836685E+00
1.562039307E+01  1.147850418E+01
1.562696869E+01  1.316402054E+01
1.563354432E+01  1.328254128E+01
1.564011994E+01  1.294542980E+01
1.564669556E+01  1.302674389E+01
1.565327119E+01  1.353824234E+01
1.565984681E+01  1.449217033E+01
1.566642243E+01  1.590761471E+01
1.567299806E+01  1.618696213E+01
1.567957368E+01  1.679168320E+01
1.568614930E+01  1.658559799E+01
1.569272493E+01  1.653750420E+01
1.569930055E+01  1.579881859E+01
1.570587617E+01  1.668404770E+01
1.571245180E+01  1.791541290E+01
1.571902742E+01  1.840019417E+01
1.572560304E+01  1.934645462E+01
1.573217867E+01  2.100180626E+01
1.573875429E+01  2.335458946E+01
1.574532991E+01  2.547321892E+01
1.575190554E+01  2.728987503E+01
1.575848116E+01  2.893889427E+01
1.576505678E+01  3.056046486E+01
1.577163241E+01  3.233677292E+01
1.577820803E+01  3.379569626E+01
1.578478365E+01  3.618338394E+01
1.579135928E+01  4.043445587E+01
1.579793490E+01  4.477454376E+01
1.580451052E+01  4.835554886E+01
1.581108615E+01  5.026198578E+01
1.581766177E+01  5.221850586E+01
1.582423739E+01  5.354497528E+01
1.583081302E+01  5.473410034E+01
1.583738864E+01  5.746121216E+01
1.584396426E+01  6.111842728E+01
1.585053988E+01  6.493673706E+01
1.585711551E+01  6.871060181E+01
1.586369113E+01  7.306796265E+01
1.587026675E+01  7.726129913E+01
1.587684238E+01  8.228329468E+01
1.588341800E+01  8.702997589E+01
1.588999362E+01  9.346520233E+01
1.589656925E+01  9.911341858E+01
1.590314487E+01  1.053457260E+02
1.590972049E+01  1.122475891E+02
1.591629612E+01  1.189898987E+02
1.592287174E+01  1.252274704E+02
1.592944736E+01  1.327439728E+02
1.593602299E+01  1.409769440E+02
1.594259861E+01  1.488472748E+02
1.594917423E+01  1.553041840E+02
1.595574986E+01  1.624292297E+02
1.596232548E+01  1.694514313E+02
1.596890110E+01  1.761310272E+02
1.597547673E+01  1.818342438E+02
1.598205235E+01  1.888980255E+02
1.598862797E+01  1.951167908E+02
1.599520360E+01  2.016883240E+02
1.600177922E+01  2.072483673E+02
1.600835484E+01  2.136192017E+02
1.601493047E+01  2.190664825E+02
1.602150609E+01  2.235540771E+02
1.602808171E+01  2.265976410E+02
1.603465734E+01  2.282157593E+02
1.604123296E+01  2.292194824E+02
1.604780858E+01  2.295409698E+02
1.605438421E+01  2.297032013E+02
1.606095983E+01  2.313389893E+02
1.606753545E+01  2.321788635E+02
1.607411108E+01  2.320807648E+02
1.608068670E+01  2.301399231E+02
1.608726232E+01  2.281215210E+02
1.609383795E+01  2.259279175E+02
1.610041357E+01  2.219341583E+02
1.610698919E+01  2.163014221E+02
1.611356482E+01  2.116190796E+02
1.612014044E+01  2.077899933E+02
1.612671606E+01  2.038107910E+02
1.613329169E+01  1.985359802E+02
1.613986731E+01  1.922937164E+02
1.614644293E+01  1.863213348E+02
1.615301856E+01  1.807082214E+02
1.615959418E+01  1.755584106E+02
1.616616980E+01  1.706091919E+02
1.617274543E+01  1.653176575E+02
1.617932105E+01  1.589225616E+02
1.618589667E+01  1.523902435E+02
1.619247229E+01  1.461118011E+02
1.619904792E+01  1.391439056E+02
1.620562354E+01  1.325099945E+02
1.621219916E+01  1.261524277E+02
1.621877479E+01  1.220800171E+02
1.622535041E+01  1.171115952E+02
1.623192603E+01  1.107134552E+02
1.623850166E+01  1.039627457E+02
1.624507728E+01  9.821832275E+01
1.625165290E+01  9.377510071E+01
1.625822853E+01  9.000366211E+01
1.626480415E+01  8.543035126E+01
1.627137977E+01  7.957760620E+01
1.627795540E+01  7.519149780E+01
1.628453102E+01  6.946828461E+01
1.629110664E+01  6.362376404E+01
1.629768227E+01  5.953827286E+01
1.630425789E+01  5.581774521E+01
1.631083351E+01  5.354174042E+01
1.631740914E+01  5.223903656E+01
1.632398476E+01  4.985491943E+01
1.633056038E+01  4.613838959E+01
1.633713601E+01  4.309967422E+01
1.634371163E+01  3.998874664E+01
1.635028725E+01  3.732365417E+01
1.635686288E+01  3.564831543E+01
1.636343850E+01  3.297394943E+01
1.637001412E+01  2.961401367E+01
1.637658975E+01  2.660609055E+01
1.638316537E+01  2.482370567E+01
1.638974099E+01  2.364135742E+01
1.639631662E+01  2.220894241E+01
1.640289224E+01  2.062850761E+01
1.640946786E+01  2.071792030E+01
1.641604349E+01  2.129700279E+01
1.642261911E+01  2.224320030E+01
1.642919473E+01  2.241490936E+01
1.643577036E+01  2.271643448E+01
1.644234598E+01  2.248713684E+01
1.644892160E+01  2.252047539E+01
1.645549723E+01  2.171489716E+01
1.646207285E+01  2.172323990E+01
1.646864847E+01  2.117246246E+01
1.647522410E+01  2.171247673E+01
1.648179972E+01  2.281252480E+01
1.648837534E+01  2.407319450E+01
1.649495097E+01  2.580699158E+01
1.650152659E+01  2.762329292E+01
1.650810221E+01  2.840295410E+01
1.651467783E+01  2.813571930E+01
1.652125346E+01  2.833720589E+01
1.652782908E+01  3.039705467E+01
1.653440470E+01  3.243781281E+01
1.654098033E+01  3.407762909E+01
1.654755595E+01  3.524519348E+01
1.655413157E+01  3.625445175E+01
1.656070720E+01  3.714590454E+01
1.656728282E+01  3.800497437E+01
1.657385844E+01  3.953914261E+01
1.658043407E+01  4.007894135E+01
1.658700969E+01  4.024298859E+01
1.659358531E+01  4.105955887E+01
1.660016094E+01  4.240653992E+01
1.660673656E+01  4.352216339E+01
1.661331218E+01  4.464319229E+01
1.661988781E+01  4.580376434E+01
1.662646343E+01  4.692765045E+01
1.663303905E+01  4.707973480E+01
1.663961468E+01  4.905732727E+01
1.664619030E+01  5.018117523E+01
1.665276592E+01  5.196294403E+01
1.665934155E+01  5.326781082E+01
1.666591717E+01  5.568410110E+01
1.667249279E+01  5.667269897E+01
1.667906842E+01  5.756411743E+01
1.668564404E+01  5.698233795E+01
1.669221966E+01  5.655035782E+01
1.669879529E+01  5.718560791E+01
1.670537091E+01  5.811168671E+01
1.671194653E+01  5.860003662E+01
1.671852216E+01  6.012523651E+01
1.672509778E+01  6.191136551E+01
1.673167340E+01  6.399453735E+01
1.673824903E+01  6.532296753E+01
1.674482465E+01  6.555678558E+01
1.675140027E+01  6.615837097E+01
1.675797590E+01  6.783914948E+01
1.676455152E+01  6.860690308E+01
1.677112714E+01  6.731563568E+01
1.677770277E+01  6.532227325E+01
1.678427839E+01  6.470785522E+01
1.679085401E+01  6.461300659E+01
1.679742964E+01  6.474475098E+01
1.680400526E+01  6.551715088E+01
1.681058088E+01  6.589357758E+01
1.681715651E+01  6.644337463E+01
1.682373213E+01  6.528859711E+01
1.683030775E+01  6.341751862E+01
1.683688338E+01  6.151276016E+01
1.684345900E+01  5.989461517E+01
1.685003462E+01  5.808163071E+01
1.685661024E+01  5.698151016E+01
1.686318587E+01  5.658153534E+01
1.686976149E+01  5.548764038E+01
1.687633711E+01  5.424179840E+01
1.688291274E+01  5.391428757E+01
1.688948836E+01  5.348310471E+01
1.689606398E+01  5.169967270E+01
1.690263961E+01  4.951805878E+01
1.690921523E+01  4.814963913E+01
1.691579085E+01  4.680285645E+01
1.692236648E+01  4.689416885E+01
1.692894210E+01  4.680778885E+01
1.693551772E+01  4.565157318E+01
1.694209335E+01  4.356363678E+01
1.694866897E+01  4.163864136E+01
1.695524459E+01  4.052153778E+01
1.696182022E+01  3.857065964E+01
1.696839584E+01  3.850956345E+01
1.697497146E+01  3.719804764E+01
1.698154709E+01  3.526347733E+01
1.698812271E+01  3.324045563E+01
1.699469833E+01  3.078027344E+01
1.700127396E+01  2.894781303E+01
1.700784958E+01  2.821663666E+01
1.701442520E+01  2.785621834E+01
1.702100083E+01  2.703495407E+01
1.702757645E+01  2.660874748E+01
1.703415207E+01  2.579776192E+01
1.704072770E+01  2.462831879E+01
1.704730332E+01  2.359939957E+01
1.705387894E+01  2.328079224E+01
1.706045457E+01  2.258701706E+01
1.706703019E+01  2.137449265E+01
1.707360581E+01  2.031702232E+01
1.708018144E+01  1.810599899E+01
1.708675706E+01  1.613984299E+01
1.709333268E+01  1.471786499E+01
1.709990831E+01  1.481271553E+01
1.710648393E+01  1.532185364E+01
1.711305955E+01  1.483707619E+01
1.711963518E+01  1.477928638E+01
1.712621080E+01  1.307866192E+01
1.713278642E+01  1.231431198E+01
1.713936205E+01  1.124893475E+01
1.714593767E+01  9.892302513E+00
1.715251329E+01  9.173615456E+00
1.715908892E+01  9.244730949E+00
1.716566454E+01  1.014764023E+01
1.717224016E+01  1.015626144E+01
1.717881578E+01  9.394609451E+00
1.718539141E+01  8.675169945E+00
1.719196703E+01  7.901243687E+00
1.719854265E+01  6.963917255E+00
1.720511828E+01  5.612671852E+00
1.721169390E+01  3.938777924E+00
1.721826952E+01  4.196096897E+00
1.722484515E+01  4.803523540E+00
1.723142077E+01  5.248304367E+00
1.723799639E+01  6.374614239E+00
1.724457202E+01  7.887460709E+00
1.725114764E+01  7.500146866E+00
1.725772326E+01  7.995306969E+00
1.726429889E+01  7.996390343E+00
1.727087451E+01  6.893443584E+00
1.727745013E+01  5.725436211E+00
1.728402576E+01  4.786219120E+00
1.729060138E+01  4.960948467E+00
1.729717700E+01  4.778824806E+00
1.730375263E+01  5.423344135E+00
1.731032825E+01  4.974490643E+00
1.731690387E+01  4.628947735E+00
1.732347950E+01  4.163970947E+00
1.733005512E+01  4.557013988E+00
1.733663074E+01  3.752334833E+00
1.734320637E+01  3.907574892E+00
1.734978199E+01  4.880090714E+00
1.735635761E+01  5.524317265E+00
1.736293324E+01  4.152706146E+00
1.736950886E+01  2.680744171E+00
1.737608448E+01  2.001956463E+00
1.738266011E+01  1.547475100E+00
1.738923573E+01  3.871141970E-01
1.739581135E+01  -2.486578077E-01
1.740238698E+01  7.132116705E-02
1.740896260E+01  7.337892056E-01
1.741553822E+01  9.043022990E-01
1.742211385E+01  1.506237507E+00
1.742868947E+01  1.659757376E+00
1.743526509E+01  3.371262312E+00
1.744184072E+01  3.487978935E+00
1.744841634E+01  2.424034595E+00
1.745499196E+01  2.323052883E+00
1.746156759E+01  2.937547207E+00
1.746814321E+01  4.182143211E+00
1.747471883E+01  4.378693104E+00
1.748129446E+01  3.593190432E+00
1.748787008E+01  2.195338488E+00
1.749444570E+01  2.940091610E+00
1.750102132E+01  4.423221588E+00
1.750759695E+01  5.719499588E+00
1.751417257E+01  5.924687386E+00
1.752074819E+01  6.586201191E+00
1.752732382E+01  5.978013515E+00
1.753389944E+01  5.510807514E+00
1.754047506E+01  4.247115135E+00
1.754705069E+01  4.429635525E+00
1.755362631E+01  4.280065060E+00
1.756020193E+01  4.693431377E+00
1.756677756E+01  5.944637299E+00
1.757335318E+01  6.298325062E+00
1.757992880E+01  4.875576019E+00
1.758650443E+01  3.333596468E+00
1.759308005E+01  1.292480350E+00
1.759965567E+01  1.850831509E+00
1.760623130E+01  2.746899128E+00
1.761280692E+01  3.962582111E+00
1.761938254E+01  4.086711884E+00
1.762595817E+01  3.510365963E+00
1.763253379E+01  3.151965380E+00
1.763910941E+01  3.401613712E+00
1.764568504E+01  3.353029966E+00
1.765226066E+01  3.072105408E+00
1.765883628E+01  2.906473875E+00
1.766541191E+01  4.198404312E+00
1.767198753E+01  5.740365982E+00
1.767856315E+01  5.874639988E+00
1.768513878E+01  4.606600761E+00
1.769171440E+01  3.322000742E+00
1.769829002E+01  4.121442795E+00
1.770486565E+01  4.713447571E+00
1.771144127E+01  5.751366615E+00
1.771801689E+01  6.213265419E+00
1.772459252E+01  7.693913937E+00
1.773116814E+01  7.846192837E+00
1.773774376E+01  8.007068634E+00
1.774431939E+01  7.851403236E+00
1.775089501E+01  8.476422310E+00
1.775747063E+01  8.371443748E+00
1.776404626E+01  8.274807930E+00
1.777062188E+01  7.786182404E+00
1.777719750E+01  7.843612671E+00
1.778377313E+01  7.434943199E+00
1.779034875E+01  8.239422798E+00
1.779692437E+01  9.129162788E+00
1.780350000E+01  9.857619286E+00
1.781007562E+01  9.348649025E+00
1.781665124E+01  9.794169426E+00
1.782322687E+01  9.453471184E+00
1.782980249E+01  1.034804440E+01
1.783637811E+01  1.048862934E+01
1.784295373E+01  1.253390598E+01
1.784952936E+01  1.373922920E+01
1.785610498E+01  1.252303123E+01
1.786268060E+01  1.113186073E+01
1.786925623E+01  1.075562286E+01
1.787583185E+01  1.017699146E+01
1.788240747E+01  9.774827957E+00
1.788898310E+01  1.050855923E+01
1.789555872E+01  1.095919037E+01
1.790213434E+01  1.102609062E+01
1.790870997E+01  1.109007454E+01
1.791528559E+01  1.154709625E+01
1.792186121E+01  1.156655312E+01
1.792843684E+01  1.131101131E+01
1.793501246E+01  1.035954952E+01
1.794158808E+01  8.781488419E+00
1.794816371E+01  9.809729576E+00
1.795473933E+01  1.127142525E+01
1.796131495E+01  1.195662403E+01
1.796789058E+01  1.227941132E+01
1.797446620E+01  1.180719948E+01
1.798104182E+01  1.209227562E+01
1.798761745E+01  1.199503994E+01
1.799419307E+01  1.179874992E+01
1.800076869E+01  1.220854664E+01
1.800734432E+01  1.240760422E+01
1.801391994E+01  1.227148342E+01
1.802049556E+01  1.348873329E+01
1.802707119E+01  1.435728073E+01
1.803364681E+01  1.394507122E+01
1.804022243E+01  1.378098392E+01
1.804679806E+01  1.345297718E+01
1.805337368E+01  1.263103199E+01
1.805994930E+01  1.209645271E+01
1.806652493E+01  1.225797462E+01
1.807310055E+01  1.120059299E+01
1.807967617E+01  1.062647915E+01
1.808625180E+01  1.185693455E+01
1.809282742E+01  1.231090450E+01
1.809940304E+01  1.295810318E+01
1.810597867E+01  1.350553799E+01
1.811255429E+01  1.394487381E+01
1.811912991E+01  1.382587147E+01
1.812570554E+01  1.242874813E+01
1.813228116E+01  1.184963512E+01
1.813885678E+01  1.159334755E+01
1.814543241E+01  1.057631874E+01
1.815200803E+01  1.069105244E+01
1.815858365E+01  1.139450741E+01
1.816515927E+01  1.245028591E+01
1.817173490E+01  1.291105461E+01
1.817831052E+01  1.342665863E+01
1.818488614E+01  1.316599083E+01
1.819146177E+01  1.434141541E+01
1.819803739E+01  1.514479637E+01
1.820461301E+01  1.612738991E+01
1.821118864E+01  1.511829662E+01
1.821776426E+01  1.447739124E+01
1.822433988E+01  1.504357052E+01
1.823091551E+01  1.359128952E+01
1.823749113E+01  1.340576077E+01
1.824406675E+01  1.419359398E+01
1.825064238E+01  1.428738880E+01
1.825721800E+01  1.486154556E+01
1.826379362E+01  1.540346527E+01
1.827036925E+01  1.522720814E+01
1.827694487E+01  1.365074348E+01
1.828352049E+01  1.352280235E+01
1.829009612E+01  1.357492065E+01
1.829667174E+01  1.386089516E+01
1.830324736E+01  1.435687542E+01
1.830982299E+01  1.507415295E+01
1.831639861E+01  1.590584278E+01
1.832297423E+01  1.470939732E+01
1.832954986E+01  1.343112087E+01
1.833612548E+01  1.351729679E+01
1.834270110E+01  1.379456234E+01
1.834927673E+01  1.460760212E+01
1.835585235E+01  1.460967636E+01
1.836242797E+01  1.393352222E+01
1.836900360E+01  1.276557446E+01
1.837557922E+01  1.243434429E+01
1.838215484E+01  1.386892128E+01
1.838873047E+01  1.430893803E+01
1.839530609E+01  1.494666100E+01
1.840188171E+01  1.653002357E+01
1.840845734E+01  1.781428719E+01
1.841503296E+01  1.831986237E+01
1.842160858E+01  1.854861641E+01
1.842818421E+01  1.820995712E+01
1.843475983E+01  1.864611816E+01
1.844133545E+01  1.864174080E+01
1.844791108E+01  1.791215324E+01
1.845448670E+01  1.709555626E+01
1.846106232E+01  1.648642540E+01
1.846763795E+01  1.519908810E+01
1.847421357E+01  1.387034607E+01
1.848078919E+01  1.548956490E+01
1.848736482E+01  1.614035988E+01
1.849394044E+01  1.601622200E+01
1.850051606E+01  1.600987053E+01
1.850709168E+01  1.674156380E+01
1.851366731E+01  1.660499382E+01
1.852024293E+01  1.576484299E+01
1.852681855E+01  1.482962418E+01
1.853339418E+01  1.541613674E+01
1.853996980E+01  1.465873432E+01
1.854654542E+01  1.465756416E+01
1.855312105E+01  1.459526253E+01
1.855969667E+01  1.464027786E+01
1.856627229E+01  1.611629868E+01
1.857284792E+01  1.668535805E+01
1.857942354E+01  1.644745445E+01
1.858599916E+01  1.704210091E+01
1.859257479E+01  1.601114082E+01
1.859915041E+01  1.498672485E+01
1.860572603E+01  1.481339645E+01
1.861230166E+01  1.479614258E+01
1.861887728E+01  1.547676849E+01
1.862545290E+01  1.651037025E+01
1.863202853E+01  1.733281898E+01
1.863860415E+01  1.701966286E+01
1.864517977E+01  1.588134003E+01
1.865175540E+01  1.468486500E+01
1.865833102E+01  1.436086750E+01
1.866490664E+01  1.534050751E+01
1.867148227E+01  1.588018322E+01
1.867805789E+01  1.614551163E+01
1.868463351E+01  1.554140949E+01
1.869120914E+01  1.503142071E+01
1.869778476E+01  1.580421734E+01
1.870436038E+01  1.647915268E+01
1.871093601E+01  1.692754936E+01
1.871751163E+01  1.632785606E+01
1.872408725E+01  1.508947372E+01
1.873066288E+01  1.403144836E+01
1.873723850E+01  1.357338333E+01
1.874381412E+01  1.344539070E+01
1.875038975E+01  1.381747341E+01
1.875696537E+01  1.428731728E+01
1.876354099E+01  1.523819256E+01
1.877011662E+01  1.495711803E+01
1.877669224E+01  1.466416168E+01
1.878326786E+01  1.461741924E+01
1.878984349E+01  1.411888504E+01
1.879641911E+01  1.331963825E+01
1.880299473E+01  1.281311226E+01
1.880957036E+01  1.176694870E+01
1.881614598E+01  1.129019737E+01
1.882272160E+01  1.279759216E+01
1.882929722E+01  1.418779087E+01
1.883587285E+01  1.517004776E+01
1.884244847E+01  1.629840660E+01
1.884902409E+01  1.700833893E+01
1.885559972E+01  1.618070602E+01
1.886217534E+01  1.543864536E+01
1.886875096E+01  1.523741245E+01
1.887532659E+01  1.530724144E+01
1.888190221E+01  1.495265770E+01
1.888847783E+01  1.321651840E+01
1.889505346E+01  1.244250011E+01
1.890162908E+01  1.240495300E+01
1.890820470E+01  1.277470112E+01
1.891478033E+01  1.326989079E+01
1.892135595E+01  1.181954670E+01
1.892793157E+01  1.047516060E+01
1.893450720E+01  1.013675308E+01
1.894108282E+01  9.882933617E+00
1.894765844E+01  9.708198547E+00
1.895423407E+01  9.120583534E+00
1.896080969E+01  8.869212151E+00
1.896738531E+01  1.040036774E+01
1.897396094E+01  1.139803982E+01
1.898053656E+01  9.994409561E+00
1.898711218E+01  9.222520828E+00
1.899368781E+01  8.519253731E+00
1.900026343E+01  9.224387169E+00
1.900683905E+01  1.132625294E+01
1.901341468E+01  1.269223499E+01
1.901999030E+01  1.187447071E+01
1.902656592E+01  1.267090321E+01
1.903314155E+01  1.335771370E+01
1.903971717E+01  1.206773186E+01
1.904629279E+01  1.138367558E+01
1.905286842E+01  1.108176708E+01
1.905944404E+01  1.154085541E+01
1.906601966E+01  1.229314041E+01
1.907259529E+01  1.327458000E+01
1.907917091E+01  1.452061749E+01
1.908574653E+01  1.441708088E+01
1.909232216E+01  1.453165627E+01
1.909889778E+01  1.452009010E+01
1.910547340E+01  1.402116871E+01
1.911204903E+01  1.372800922E+01
1.911862465E+01  1.235341263E+01
1.912520027E+01  1.221537209E+01
1.913177590E+01  1.285776806E+01
1.913835152E+01  1.251288795E+01
1.914492714E+01  1.328711605E+01
1.915150276E+01  1.353315449E+01
1.915807839E+01  1.283454990E+01
1.916465401E+01  1.209372139E+01
1.917122963E+01  1.202864742E+01
1.917780526E+01  1.139558125E+01
1.918438088E+01  1.066092682E+01
1.919095650E+01  9.128602982E+00
1.919753213E+01  9.625442505E+00
1.920410775E+01  9.922848701E+00
1.921068337E+01  1.089275646E+01
1.921725900E+01  1.080905914E+01
1.922383462E+01  1.130576229E+01
1.923041024E+01  1.111737823E+01
1.923698587E+01  1.015093231E+01
1.924356149E+01  8.455531120E+00
1.925013711E+01  7.637885571E+00
1.925671274E+01  7.239926338E+00
1.926328836E+01  6.544360638E+00
1.926986398E+01  6.156795979E+00
1.927643961E+01  6.311676979E+00
1.928301523E+01  6.090453148E+00
1.928959085E+01  5.214007378E+00
1.929616648E+01  5.202692509E+00
1.930274210E+01  4.553260326E+00
1.930931772E+01  2.683043957E+00
1.931589335E+01  1.911776781E+00
1.932246897E+01  1.520519853E+00
1.932904459E+01  7.846462131E-01
1.933562022E+01  1.439924598E+00
1.934219584E+01  1.426106691E+00
1.934877146E+01  4.790853262E-01
1.935534709E+01  -9.353385121E-02
1.936192271E+01  -2.992088199E-01
1.936849833E+01  -2.679442763E-01
1.937507396E+01  -4.830740988E-01
1.938164958E+01  -9.005502462E-01
1.938822520E+01  -1.991460323E-01
1.939480083E+01  3.431098759E-01
1.940137645E+01  5.930874944E-01
1.940795207E+01  1.134050965E+00
1.941452770E+01  -2.214097604E-02
1.942110332E+01  -7.530368567E-01
1.942767894E+01  -5.719156265E-01
1.943425457E+01  -1.318198144E-01
1.944083019E+01  2.820764184E-01
1.944740581E+01  3.388303220E-01
1.945398144E+01  8.371301740E-02
1.946055706E+01  -2.126006968E-02
1.946713268E+01  -4.069783688E-01
1.947370831E+01  2.566860914E-01
1.948028393E+01  -2.124457620E-02
1.948685955E+01  -9.685326368E-03
