6.000256231E+00  -4.367371276E-02
6.006831854E+00  1.735046655E-01
6.013407478E+00  -8.215160668E-02
6.019983101E+00  -3.333330154E-01
6.026558724E+00  9.937611222E-02
6.033134347E+00  3.807524145E-01
6.039709971E+00  2.445241213E-01
6.046285594E+00  1.305515617E-01
6.052861217E+00  -1.075412393E+00
6.059436840E+00  -3.801726997E-01
6.066012464E+00  1.416010261E+00
6.072588087E+00  1.516626596E+00
6.079163710E+00  4.209003747E-01
6.085739334E+00  -9.291318059E-02
6.092314957E+00  -3.575828373E-01
6.098890580E+00  -2.312062383E-01
6.105466203E+00  -2.634558976E-01
6.112041827E+00  -1.827107817E-01
6.118617450E+00  -1.248034388E-01
6.125193073E+00  5.083961487E-01
6.131768696E+00  9.033182263E-01
6.138344320E+00  1.335417390E+00
6.144919943E+00  2.808965683E+00
6.151495566E+00  3.013525486E+00
6.158071190E+00  2.168260336E+00
6.164646813E+00  5.854835510E-01
6.171222436E+00  -3.847289979E-01
6.177798059E+00  -6.872246861E-01
6.184373683E+00  -1.169153333E+00
6.190949306E+00  -2.599714398E-01
6.197524929E+00  4.288287163E-01
6.204100552E+00  1.763600349E+00
6.210676176E+00  3.447371006E+00
6.217251799E+00  4.288387299E+00
6.223827422E+00  3.319046021E+00
6.230403045E+00  3.125213146E+00
6.236978669E+00  2.804945469E+00
6.243554292E+00  2.969187737E+00
6.250129915E+00  3.158899546E+00
6.256705539E+00  2.268835068E+00
6.263281162E+00  1.007168531E+00
6.269856785E+00  7.609630227E-01
6.276432408E+00  -1.981334016E-02
6.283008032E+00  9.669156671E-01
6.289583655E+00  8.074699640E-01
6.296159278E+00  2.420599937E+00
6.302734901E+00  3.013226509E+00
6.309310525E+00  3.441793680E+00
6.315886148E+00  2.990982056E+00
6.322461771E+00  2.797842503E+00
6.329037394E+00  3.102050781E+00
6.335613018E+00  2.454639435E+00
6.342188641E+00  2.684556007E+00
6.348764264E+00  2.027364016E+00
6.355339888E+00  1.864831686E+00
6.361915511E+00  1.721413374E+00
6.368491134E+00  1.058150411E+00
6.375066757E+00  5.158417821E-01
6.381642381E+00  -2.216269523E-01
6.388218004E+00  5.029712915E-01
6.394793627E+00  8.154175282E-01
6.401369250E+00  2.266203165E+00
6.407944874E+00  3.385801315E+00
6.414520497E+00  3.914241076E+00
6.421096120E+00  3.937889338E+00
6.427671743E+00  3.498374939E+00
6.434247367E+00  2.759110451E+00
6.440822990E+00  1.459874034E+00
6.447398613E+00  1.176551938E+00
6.453974237E+00  1.447563410E+00
6.460549860E+00  2.704478502E+00
6.467125483E+00  3.500971556E+00
6.473701106E+00  4.888260841E+00
6.480276730E+00  5.691434383E+00
6.486852353E+00  5.752579689E+00
6.493427976E+00  4.869240761E+00
6.500003599E+00  4.251438618E+00
6.506579223E+00  1.906443119E+00
6.513154846E+00  1.498159170E+00
6.519730469E+00  1.573714852E+00
6.526306092E+00  2.372572184E+00
6.532881716E+00  1.517478585E+00
6.539457339E+00  2.090671301E+00
6.546032962E+00  2.397581100E+00
6.552608586E+00  3.169983387E+00
6.559184209E+00  2.498144627E+00
6.565759832E+00  2.094018936E+00
6.572335455E+00  4.399646759E+00
6.578911079E+00  6.354726315E+00
6.585486702E+00  6.841422081E+00
6.592062325E+00  5.845963001E+00
6.598637948E+00  5.324826241E+00
6.605213572E+00  3.819448471E+00
6.611789195E+00  1.883440614E+00
6.618364818E+00  1.129917026E+00
6.624940441E+00  1.101581335E+00
6.631516065E+00  2.748728275E+00
6.638091688E+00  2.919457436E+00
6.644667311E+00  2.779093266E+00
6.651242935E+00  1.091430426E+00
6.657818558E+00  1.958481908E+00
6.664394181E+00  4.127619267E+00
6.670969804E+00  7.024794102E+00
6.677545428E+00  6.778488159E+00
6.684121051E+00  7.766619682E+00
6.690696674E+00  5.728879929E+00
6.697272297E+00  5.005054474E+00
6.703847921E+00  3.247458935E+00
6.710423544E+00  2.049883604E+00
6.716999167E+00  2.302118063E+00
6.723574790E+00  1.784219742E+00
6.730150414E+00  2.807955444E-01
6.736726037E+00  -1.373080969E+00
6.743301660E+00  -6.307248473E-01
6.749877284E+00  1.271536112E+00
6.756452907E+00  3.804105520E+00
6.763028530E+00  5.125066757E+00
6.769604153E+00  6.339446068E+00
6.776179777E+00  5.359541893E+00
6.782755400E+00  5.821407795E+00
6.789331023E+00  6.160017014E+00
6.795906646E+00  6.503276348E+00
6.802482270E+00  6.517698765E+00
6.809057893E+00  8.040208817E+00
6.815633516E+00  9.700182915E+00
6.822209139E+00  9.617176056E+00
6.828784763E+00  8.112813950E+00
6.835360386E+00  7.143877983E+00
6.841936009E+00  6.601116180E+00
6.848511633E+00  4.687165260E+00
6.855087256E+00  2.646034956E+00
6.861662879E+00  3.206468821E+00
6.868238502E+00  4.771887779E+00
6.874814126E+00  6.851062775E+00
6.881389749E+00  8.827169418E+00
6.887965372E+00  8.492959976E+00
6.894540995E+00  7.723629951E+00
6.901116619E+00  5.454866409E+00
6.907692242E+00  3.749759912E+00
6.914267865E+00  3.533200026E+00
6.920843488E+00  5.397069931E+00
6.927419112E+00  5.505047321E+00
6.933994735E+00  5.285005093E+00
6.940570358E+00  3.972968102E+00
6.947145982E+00  4.002771378E+00
6.953721605E+00  3.299525499E+00
6.960297228E+00  3.301593542E+00
6.966872851E+00  2.800435543E+00
6.973448475E+00  2.486993790E+00
6.980024098E+00  2.064968824E+00
6.986599721E+00  2.620931864E+00
6.993175344E+00  3.876266718E+00
6.999750968E+00  3.452786446E+00
7.006326591E+00  5.033365250E+00
7.012902214E+00  5.390736103E+00
7.019477837E+00  5.606227398E+00
7.026053461E+00  4.657644272E+00
7.032629084E+00  5.605778217E+00
7.039204707E+00  5.256997108E+00
7.045780331E+00  4.868314743E+00
7.052355954E+00  4.054123402E+00
7.058931577E+00  4.578667641E+00
7.065507200E+00  5.441494465E+00
7.072082824E+00  6.136239529E+00
7.078658447E+00  5.266840458E+00
7.085234070E+00  4.616388798E+00
7.091809693E+00  4.570473671E+00
7.098385317E+00  5.480472565E+00
7.104960940E+00  6.168926239E+00
7.111536563E+00  5.121445656E+00
7.118112186E+00  5.090234756E+00
7.124687810E+00  4.937851429E+00
7.131263433E+00  7.041510582E+00
7.137839056E+00  7.722296715E+00
7.144414680E+00  8.990772247E+00
7.150990303E+00  8.759390831E+00
7.157565926E+00  8.560761452E+00
7.164141549E+00  9.997850418E+00
7.170717173E+00  1.146468353E+01
7.177292796E+00  1.151939678E+01
7.183868419E+00  1.004439068E+01
7.190444042E+00  9.546619415E+00
7.197019666E+00  9.675168991E+00
7.203595289E+00  9.463920593E+00
7.210170912E+00  9.325691223E+00
7.216746535E+00  9.394508362E+00
7.223322159E+00  9.631070137E+00
7.229897782E+00  9.645980835E+00
7.236473405E+00  9.972689629E+00
7.243049029E+00  1.041416073E+01
7.249624652E+00  9.886129379E+00
7.256200275E+00  9.459086418E+00
7.262775898E+00  9.540398598E+00
7.269351522E+00  8.988561630E+00
7.275927145E+00  9.042884827E+00
7.282502768E+00  9.907471657E+00
7.289078391E+00  1.156127739E+01
7.295654015E+00  1.155303192E+01
7.302229638E+00  1.007545757E+01
7.308805261E+00  1.004877567E+01
7.315380884E+00  9.614356995E+00
7.321956508E+00  1.035299015E+01
7.328532131E+00  9.930891037E+00
7.335107754E+00  1.035556507E+01
7.341683378E+00  1.125999641E+01
7.348259001E+00  1.224933815E+01
7.354834624E+00  1.281449795E+01
7.361410247E+00  1.223595238E+01
7.367985871E+00  1.189235306E+01
7.374561494E+00  1.237381363E+01
7.381137117E+00  1.171776009E+01
7.387712740E+00  1.161499119E+01
7.394288364E+00  1.111378288E+01
7.400863987E+00  1.203786469E+01
7.407439610E+00  1.324911499E+01
7.414015233E+00  1.451963329E+01
7.420590857E+00  1.423388577E+01
7.427166480E+00  1.342239475E+01
7.433742103E+00  1.226515293E+01
7.440317727E+00  1.111456490E+01
7.446893350E+00  8.757159233E+00
7.453468973E+00  7.965826035E+00
7.460044596E+00  7.959275723E+00
7.466620220E+00  8.322931290E+00
7.473195843E+00  7.226686954E+00
7.479771466E+00  6.585538387E+00
7.486347089E+00  7.296390057E+00
7.492922713E+00  7.166751385E+00
7.499498336E+00  6.161305904E+00
7.506073959E+00  5.583540440E+00
7.512649582E+00  4.773977757E+00
7.519225206E+00  5.870417118E+00
7.525800829E+00  5.942694664E+00
7.532376452E+00  6.207517624E+00
7.538952076E+00  6.034807205E+00
7.545527699E+00  6.201601982E+00
7.552103322E+00  4.673792362E+00
7.558678945E+00  3.815594435E+00
7.565254569E+00  3.191798925E+00
7.571830192E+00  4.113183022E+00
7.578405815E+00  4.717086315E+00
7.584981438E+00  6.055304527E+00
7.591557062E+00  7.652697563E+00
7.598132685E+00  9.143427849E+00
7.604708308E+00  8.579568863E+00
7.611283931E+00  7.613243580E+00
7.617859555E+00  5.728578091E+00
7.624435178E+00  3.730483770E+00
7.631010801E+00  1.618695498E+00
7.637586425E+00  8.304656148E-01
7.644162048E+00  8.543484211E-01
7.650737671E+00  2.316805124E-01
7.657313294E+00  -7.426282018E-02
7.663888918E+00  -4.116521478E-01
7.670464541E+00  6.686952896E-03
7.677040164E+00  -5.060889721E-01
7.683615787E+00  -2.391660772E-02
7.690191411E+00  -5.561563969E-01
7.696767034E+00  -7.160421610E-01
7.703342657E+00  -8.373747468E-01
7.709918281E+00  9.986264706E-01
7.716493904E+00  1.713325620E+00
7.723069527E+00  2.226275682E+00
7.729645150E+00  1.744279027E+00
7.736220774E+00  -4.290451705E-01
7.742796397E+00  -1.098833799E+00
7.749372020E+00  -2.571107745E-01
7.755947643E+00  1.374723315E+00
7.762523267E+00  2.811213970E+00
7.769098890E+00  3.704208136E+00
7.775674513E+00  2.670480251E+00
7.782250136E+00  9.123235345E-01
7.788825760E+00  -2.355575416E-04
7.795401383E+00  -4.204676151E-01
7.801977006E+00  7.549291849E-01
7.808552630E+00  2.481322765E+00
7.815128253E+00  2.808809519E+00
7.821703876E+00  1.682982206E+00
7.828279499E+00  1.221772909E+00
7.834855123E+00  2.391222715E+00
7.841430746E+00  3.840430975E+00
7.848006369E+00  4.242854595E+00
7.854581992E+00  5.775304317E+00
7.861157616E+00  6.936294079E+00
7.867733239E+00  7.139298916E+00
7.874308862E+00  7.598002434E+00
7.880884485E+00  7.308228493E+00
7.887460109E+00  7.380945683E+00
7.894035732E+00  8.421173096E+00
7.900611355E+00  7.991848946E+00
7.907186979E+00  1.056500244E+01
7.913762602E+00  1.233816528E+01
7.920338225E+00  1.359277344E+01
7.926913848E+00  1.327375889E+01
7.933489472E+00  1.433916950E+01
7.940065095E+00  1.677042770E+01
7.946640718E+00  1.948493385E+01
7.953216341E+00  2.256263924E+01
7.959791965E+00  2.346040535E+01
7.966367588E+00  2.353349876E+01
7.972943211E+00  2.307612991E+01
7.979518834E+00  2.471940231E+01
7.986094458E+00  2.608806801E+01
7.992670081E+00  2.719896126E+01
7.999245704E+00  2.822810936E+01
8.005821328E+00  2.989451599E+01
8.012396951E+00  2.888448715E+01
8.018972574E+00  2.838093948E+01
8.025548197E+00  2.660978127E+01
8.032123821E+00  2.539509964E+01
8.038699444E+00  2.649607468E+01
8.045275067E+00  2.777299690E+01
8.051850690E+00  2.853102112E+01
8.058426314E+00  2.887465096E+01
8.065001937E+00  3.054125023E+01
8.071577560E+00  3.132338715E+01
8.078153183E+00  3.227587509E+01
8.084728807E+00  3.445015335E+01
8.091304430E+00  3.492940903E+01
8.097880053E+00  3.689014053E+01
8.104455677E+00  3.892243195E+01
8.111031300E+00  3.947234344E+01
8.117606923E+00  3.761144638E+01
8.124182546E+00  3.850262833E+01
8.130758170E+00  4.102655792E+01
8.137333793E+00  4.348870850E+01
8.143909416E+00  4.584397125E+01
8.150485039E+00  4.882555008E+01
8.157060663E+00  5.151038361E+01
8.163636286E+00  5.459502792E+01
8.170211909E+00  5.727847290E+01
8.176787532E+00  5.875821304E+01
8.183363156E+00  5.929764557E+01
8.189938779E+00  5.989207458E+01
8.196514402E+00  6.343228531E+01
8.203090026E+00  6.855366516E+01
8.209665649E+00  7.314450836E+01
8.216241272E+00  7.693634033E+01
8.222816895E+00  7.998682404E+01
8.229392519E+00  8.540976715E+01
8.235968142E+00  9.138484955E+01
8.242543765E+00  9.666497803E+01
8.249119388E+00  1.037291107E+02
8.255695012E+00  1.108965302E+02
8.262270635E+00  1.198009415E+02
8.268846258E+00  1.310608826E+02
8.275421881E+00  1.454511719E+02
8.281997505E+00  1.600034180E+02
8.288573128E+00  1.777048187E+02
8.295148751E+00  1.949751434E+02
8.301724375E+00  2.144221954E+02
8.308299998E+00  2.341976776E+02
8.314875621E+00  2.603161621E+02
8.321451244E+00  2.896759338E+02
8.328026868E+00  3.280659790E+02
8.334602491E+00  3.718309021E+02
8.341178114E+00  4.232226257E+02
8.347753737E+00  4.815842896E+02
8.354329361E+00  5.446561279E+02
8.360904984E+00  6.132969360E+02
8.367480607E+00  6.856688232E+02
8.374056230E+00  7.671277466E+02
8.380631854E+00  8.605785522E+02
8.387207477E+00  9.679392090E+02
8.393783100E+00  1.092944580E+03
8.400358724E+00  1.224698364E+03
8.406934347E+00  1.373732178E+03
8.413509970E+00  1.528061279E+03
8.420085593E+00  1.685330444E+03
8.426661217E+00  1.851750122E+03
8.433236840E+00  1.984441528E+03
8.439812463E+00  2.105920410E+03
8.446388086E+00  2.172655518E+03
8.452963710E+00  2.203109863E+03
8.459539333E+00  2.190289551E+03
8.466114956E+00  2.142478760E+03
8.472690579E+00  2.081915771E+03
8.479266203E+00  1.993876221E+03
8.485841826E+00  1.886254761E+03
8.492417449E+00  1.761471191E+03
8.498993073E+00  1.611105713E+03
8.505568696E+00  1.460865356E+03
8.512144319E+00  1.322477295E+03
8.518719942E+00  1.197053223E+03
8.525295566E+00  1.082078125E+03
8.531871189E+00  9.730416260E+02
8.538446812E+00  8.698148193E+02
8.545022435E+00  7.740045776E+02
8.551598059E+00  6.868974609E+02
8.558173682E+00  6.084855347E+02
8.564749305E+00  5.420446167E+02
8.571324928E+00  4.884173584E+02
8.577900552E+00  4.406002502E+02
8.584476175E+00  3.958363037E+02
8.591051798E+00  3.559134827E+02
8.597627422E+00  3.202124634E+02
8.604203045E+00  2.892795410E+02
8.610778668E+00  2.635110168E+02
8.617354291E+00  2.408515778E+02
8.623929915E+00  2.199373016E+02
8.630505538E+00  2.011484070E+02
8.637081161E+00  1.836829834E+02
8.643656784E+00  1.695203857E+02
8.650232408E+00  1.552444611E+02
8.656808031E+00  1.421914978E+02
8.663383654E+00  1.288067169E+02
8.669959277E+00  1.192945557E+02
8.676534901E+00  1.118927231E+02
8.683110524E+00  1.041621552E+02
8.689686147E+00  9.660130310E+01
8.696261771E+00  8.947083282E+01
8.702837394E+00  8.491766357E+01
8.709413017E+00  8.029279327E+01
8.715988640E+00  7.559326935E+01
8.722564264E+00  7.127363586E+01
8.729139887E+00  6.578259277E+01
8.735715510E+00  6.118019485E+01
8.742291133E+00  5.543126297E+01
8.748866757E+00  5.155532074E+01
8.755442380E+00  4.682825470E+01
8.762018003E+00  4.347223282E+01
8.768593626E+00  4.171675491E+01
8.775169250E+00  4.066582870E+01
8.781744873E+00  3.809778595E+01
8.788320496E+00  3.606879044E+01
8.794896120E+00  3.538548279E+01
8.801471743E+00  3.375783157E+01
8.808047366E+00  3.412968063E+01
8.814622989E+00  3.411333466E+01
8.821198613E+00  3.285965729E+01
8.827774236E+00  3.051804733E+01
8.834349859E+00  2.889609909E+01
8.840925482E+00  2.669983482E+01
8.847501106E+00  2.464064217E+01
8.854076729E+00  2.111153793E+01
8.860652352E+00  1.923991203E+01
8.867227975E+00  1.855304337E+01
8.873803599E+00  1.767732430E+01
8.880379222E+00  1.714392662E+01
8.886954845E+00  1.596741295E+01
8.893530469E+00  1.537132263E+01
8.900106092E+00  1.394637585E+01
8.906681715E+00  1.382870102E+01
8.913257338E+00  1.412853813E+01
8.919832962E+00  1.515778637E+01
8.926408585E+00  1.587922096E+01
8.932984208E+00  1.609545898E+01
8.939559831E+00  1.516624451E+01
8.946135455E+00  1.511343288E+01
8.952711078E+00  1.716444588E+01
8.959286701E+00  1.963899231E+01
8.965862324E+00  2.015122032E+01
8.972437948E+00  1.994369698E+01
8.979013571E+00  1.972579384E+01
8.985589194E+00  2.013218117E+01
8.992164818E+00  2.132975960E+01
8.998740441E+00  2.250839043E+01
9.005316064E+00  2.315042305E+01
9.011891687E+00  2.317815208E+01
9.018467311E+00  2.074240494E+01
9.025042934E+00  1.987486839E+01
9.031618557E+00  1.880988503E+01
9.038194180E+00  1.845806694E+01
9.044769804E+00  1.616266060E+01
9.051345427E+00  1.244758320E+01
9.057921050E+00  9.612638474E+00
9.064496673E+00  7.406372070E+00
9.071072297E+00  7.044621944E+00
9.077647920E+00  5.953195572E+00
9.084223543E+00  5.305465698E+00
9.090799167E+00  4.049227715E+00
9.097374790E+00  2.355425596E+00
9.103950413E+00  2.359365463E+00
9.110526036E+00  2.894599915E+00
9.117101660E+00  4.597420216E+00
9.123677283E+00  6.201287746E+00
9.130252906E+00  6.377167702E+00
9.136828529E+00  5.389287472E+00
9.143404153E+00  3.651777744E+00
9.149979776E+00  3.121249914E+00
9.156555399E+00  2.453533173E+00
9.163131022E+00  3.414807558E+00
9.169706646E+00  3.207285881E+00
9.176282269E+00  2.868628025E+00
9.182857892E+00  2.488249302E+00
9.189433516E+00  2.115033627E+00
9.196009139E+00  2.330088615E+00
9.202584762E+00  2.114420652E+00
9.209160385E+00  2.042293549E+00
9.215736009E+00  3.831522226E+00
9.222311632E+00  5.800503731E+00
9.228887255E+00  7.624565125E+00
9.235462878E+00  7.418482780E+00
9.242038502E+00  7.157381535E+00
9.248614125E+00  8.145484924E+00
9.255189748E+00  6.772951603E+00
9.261765372E+00  5.718512535E+00
9.268340995E+00  5.544196606E+00
9.274916618E+00  4.744650841E+00
9.281492241E+00  6.252996922E+00
9.288067865E+00  5.355873108E+00
9.294643488E+00  4.882885933E+00
9.301219111E+00  4.150461674E+00
9.307794734E+00  3.001882315E+00
9.314370358E+00  2.253089190E+00
9.320945981E+00  3.578913927E+00
9.327521604E+00  5.036515236E+00
9.334097227E+00  6.680127621E+00
9.340672851E+00  8.493187904E+00
9.347248474E+00  9.935213089E+00
9.353824097E+00  1.031631088E+01
9.360399721E+00  1.141827583E+01
9.366975344E+00  1.220064259E+01
9.373550967E+00  1.382949257E+01
9.380126590E+00  1.430099487E+01
9.386702214E+00  1.442138195E+01
9.393277837E+00  1.416046524E+01
9.399853460E+00  1.206374931E+01
9.406429083E+00  1.126365662E+01
9.413004707E+00  1.158987999E+01
9.419580330E+00  1.369243336E+01
9.426155953E+00  1.592689896E+01
9.432731576E+00  1.950091743E+01
9.439307200E+00  2.249566460E+01
9.445882823E+00  2.445228577E+01
9.452458446E+00  2.697344971E+01
9.459034070E+00  2.970235634E+01
9.465609693E+00  3.422996140E+01
9.472185316E+00  3.702319336E+01
9.478760939E+00  4.209684372E+01
9.485336563E+00  4.437536240E+01
9.491912186E+00  4.875976944E+01
9.498487809E+00  5.400653839E+01
9.505063432E+00  6.195614624E+01
9.511639056E+00  6.698761749E+01
9.518214679E+00  7.428566742E+01
9.524790302E+00  8.296954346E+01
9.531365925E+00  9.293390656E+01
9.537941549E+00  1.045489883E+02
9.544517172E+00  1.184584656E+02
9.551092795E+00  1.359178009E+02
9.557668419E+00  1.553807068E+02
9.564244042E+00  1.755142975E+02
9.570819665E+00  2.039978333E+02
9.577395288E+00  2.326253662E+02
9.583970912E+00  2.673110352E+02
9.590546535E+00  3.116852722E+02
9.597122158E+00  3.543409424E+02
9.603697781E+00  3.893234863E+02
9.610273405E+00  4.302994995E+02
9.616849028E+00  4.504272156E+02
9.623424651E+00  4.797267151E+02
9.630000274E+00  4.917805481E+02
9.636575898E+00  5.091219788E+02
9.643151521E+00  5.146216431E+02
9.649727144E+00  5.273498535E+02
9.656302768E+00  5.282788696E+02
9.662878391E+00  5.469165649E+02
9.669454014E+00  5.450479736E+02
9.676029637E+00  5.573300171E+02
9.682605261E+00  5.649545288E+02
9.689180884E+00  5.731530151E+02
9.695756507E+00  5.798385620E+02
9.702332130E+00  5.977924194E+02
9.708907754E+00  6.040928345E+02
9.715483377E+00  6.316547852E+02
9.722059000E+00  6.531580811E+02
9.728634623E+00  6.908331299E+02
9.735210247E+00  7.203362427E+02
9.741785870E+00  7.625815430E+02
9.748361493E+00  8.029489136E+02
9.754937117E+00  8.415556030E+02
9.761512740E+00  8.789939575E+02
9.768088363E+00  9.116360474E+02
9.774663986E+00  9.397519531E+02
9.781239610E+00  9.586620483E+02
9.787815233E+00  9.755577393E+02
9.794390856E+00  9.648385620E+02
9.800966479E+00  9.418746948E+02
9.807542103E+00  8.996255493E+02
9.814117726E+00  8.476958008E+02
9.820693349E+00  7.993099976E+02
9.827268972E+00  7.415957642E+02
9.833844596E+00  6.852962036E+02
9.840420219E+00  6.300456543E+02
9.846995842E+00  5.783222656E+02
9.853571466E+00  5.338794556E+02
9.860147089E+00  4.902016296E+02
9.866722712E+00  4.512625122E+02
9.873298335E+00  4.165669861E+02
9.879873959E+00  3.839320068E+02
9.886449582E+00  3.551940308E+02
9.893025205E+00  3.296596985E+02
9.899600828E+00  3.096733398E+02
9.906176452E+00  2.911006165E+02
9.912752075E+00  2.750729675E+02
9.919327698E+00  2.603891602E+02
9.925903321E+00  2.474325409E+02
9.932478945E+00  2.356933441E+02
9.939054568E+00  2.270162811E+02
9.945630191E+00  2.201195984E+02
9.952205815E+00  2.147947845E+02
9.958781438E+00  2.109710083E+02
9.965357061E+00  2.100208130E+02
9.971932684E+00  2.086404419E+02
9.978508308E+00  2.092141418E+02
9.985083931E+00  2.114093475E+02
9.991659554E+00  2.142108612E+02
9.998235177E+00  2.163134613E+02
1.000481080E+01  2.175349579E+02
1.001138642E+01  2.173606567E+02
1.001796205E+01  2.168837280E+02
1.002453767E+01  2.153941498E+02
1.003111329E+01  2.151071777E+02
1.003768892E+01  2.108874969E+02
1.004426454E+01  2.045670624E+02
1.005084016E+01  1.974084778E+02
1.005741579E+01  1.884302216E+02
1.006399141E+01  1.793177643E+02
1.007056703E+01  1.716984711E+02
1.007714266E+01  1.655302429E+02
1.008371828E+01  1.590146942E+02
1.009029390E+01  1.522293396E+02
1.009686953E+01  1.428870239E+02
1.010344515E+01  1.335936127E+02
1.011002077E+01  1.241346741E+02
1.011659640E+01  1.169578781E+02
1.012317202E+01  1.084884491E+02
1.012974764E+01  1.027878265E+02
1.013632327E+01  9.668309784E+01
1.014289889E+01  8.934410858E+01
1.014947451E+01  7.996804810E+01
1.015605014E+01  7.346160126E+01
1.016262576E+01  6.846288300E+01
1.016920138E+01  6.364467621E+01
1.017577701E+01  5.872566986E+01
1.018235263E+01  5.481420135E+01
1.018892825E+01  5.183599472E+01
1.019550388E+01  4.919137955E+01
1.020207950E+01  4.551262283E+01
1.020865512E+01  4.191685104E+01
1.021523075E+01  3.942305756E+01
1.022180637E+01  3.825822830E+01
1.022838199E+01  3.721722794E+01
1.023495762E+01  3.624482727E+01
1.024153324E+01  3.562123871E+01
1.024810886E+01  3.628634262E+01
1.025468448E+01  3.655648422E+01
1.026126011E+01  3.676655960E+01
1.026783573E+01  3.562597656E+01
1.027441135E+01  3.389980698E+01
1.028098698E+01  3.314754868E+01
1.028756260E+01  3.356395340E+01
1.029413822E+01  3.479151917E+01
1.030071385E+01  3.498642731E+01
1.030728947E+01  3.566860580E+01
1.031386509E+01  3.473201752E+01
1.032044072E+01  3.344268799E+01
1.032701634E+01  3.091331482E+01
1.033359196E+01  2.931519127E+01
1.034016759E+01  2.904518890E+01
1.034674321E+01  2.833904648E+01
1.035331883E+01  2.729772949E+01
1.035989446E+01  2.661888695E+01
1.036647008E+01  2.732730675E+01
1.037304570E+01  2.777931595E+01
1.037962133E+01  2.703485870E+01
1.038619695E+01  2.911773682E+01
1.039277257E+01  3.101513100E+01
1.039934820E+01  3.199009895E+01
1.040592382E+01  3.049026489E+01
1.041249944E+01  2.952526855E+01
1.041907507E+01  2.902905464E+01
1.042565069E+01  2.960549736E+01
1.043222631E+01  2.972809410E+01
1.043880194E+01  2.997727776E+01
1.044537756E+01  2.896130943E+01
1.045195318E+01  2.789245796E+01
1.045852881E+01  2.689460945E+01
1.046510443E+01  2.447348976E+01
1.047168005E+01  2.310503769E+01
1.047825568E+01  2.154205132E+01
1.048483130E+01  2.212228584E+01
1.049140692E+01  2.212930489E+01
1.049798255E+01  2.108885384E+01
1.050455817E+01  1.963215637E+01
1.051113379E+01  1.728789330E+01
1.051770942E+01  1.639529610E+01
1.052428504E+01  1.629652977E+01
1.053086066E+01  1.802467728E+01
1.053743629E+01  1.827981567E+01
1.054401191E+01  1.721271133E+01
1.055058753E+01  1.552735233E+01
1.055716316E+01  1.269726276E+01
1.056373878E+01  9.827805519E+00
1.057031440E+01  9.272878647E+00
1.057689002E+01  9.937167168E+00
1.058346565E+01  1.057105827E+01
1.059004127E+01  1.011928177E+01
1.059661689E+01  9.345414162E+00
1.060319252E+01  1.019906998E+01
1.060976814E+01  8.873520851E+00
1.061634376E+01  7.997096539E+00
1.062291939E+01  6.058481693E+00
1.062949501E+01  5.882300377E+00
1.063607063E+01  5.299527168E+00
1.064264626E+01  4.777855396E+00
1.064922188E+01  2.955392838E+00
1.065579750E+01  1.696810007E+00
1.066237313E+01  2.532306910E+00
1.066894875E+01  4.007710934E+00
1.067552437E+01  4.971096039E+00
1.068210000E+01  5.609405994E+00
1.068867562E+01  5.559293270E+00
1.069525124E+01  4.547255516E+00
1.070182687E+01  3.464831114E+00
1.070840249E+01  2.264595270E+00
1.071497811E+01  9.932032973E-02
1.072155374E+01  -1.902310550E-01
1.072812936E+01  1.045299053E+00
1.073470498E+01  2.212594986E+00
1.074128061E+01  3.382405281E+00
1.074785623E+01  4.149406910E+00
1.075443185E+01  4.353395939E+00
1.076100748E+01  2.894717216E+00
1.076758310E+01  2.128308773E+00
1.077415872E+01  1.492118478E+00
1.078073435E+01  2.494897842E+00
1.078730997E+01  1.878799677E+00
1.079388559E+01  2.589592934E+00
1.080046122E+01  3.575979233E+00
1.080703684E+01  3.392620564E+00
1.081361246E+01  2.512639523E+00
1.082018809E+01  1.057110786E+00
1.082676371E+01  4.799184203E-02
1.083333933E+01  -7.771731913E-02
1.083991496E+01  2.322213054E-01
1.084649058E+01  1.684346318E+00
1.085306620E+01  1.840180516E+00
1.085964183E+01  2.612324476E+00
1.086621745E+01  3.380179882E+00
1.087279307E+01  2.335651636E+00
1.087936870E+01  2.393793106E+00
1.088594432E+01  1.610286117E+00
1.089251994E+01  2.611128807E+00
1.089909556E+01  3.077009678E+00
1.090567119E+01  4.196921825E+00
1.091224681E+01  4.163767815E+00
1.091882243E+01  4.355999470E+00
1.092539806E+01  4.649630547E+00
1.093197368E+01  5.524192810E+00
1.093854930E+01  4.673087597E+00
1.094512493E+01  4.240401745E+00
1.095170055E+01  3.208603621E+00
1.095827617E+01  3.586529255E+00
1.096485180E+01  3.700887918E+00
1.097142742E+01  4.670870304E+00
1.097800304E+01  4.665472507E+00
1.098457867E+01  4.250174999E+00
1.099115429E+01  5.002178192E+00
1.099772991E+01  5.541162014E+00
1.100430554E+01  4.957509518E+00
1.101088116E+01  4.340626717E+00
1.101745678E+01  4.353160381E+00
1.102403241E+01  6.313030243E+00
1.103060803E+01  6.713446140E+00
1.103718365E+01  6.933848858E+00
1.104375928E+01  7.196937084E+00
1.105033490E+01  9.073553085E+00
1.105691052E+01  9.526627541E+00
1.106348615E+01  9.356487274E+00
1.107006177E+01  9.174984932E+00
1.107663739E+01  9.112523079E+00
1.108321302E+01  1.045770264E+01
1.108978864E+01  1.153135300E+01
1.109636426E+01  1.188085747E+01
1.110293989E+01  1.025526237E+01
1.110951551E+01  9.165815353E+00
1.111609113E+01  8.404521942E+00
1.112266676E+01  7.730673313E+00
1.112924238E+01  7.840079308E+00
1.113581800E+01  6.588703632E+00
1.114239363E+01  5.782216549E+00
1.114896925E+01  5.975307465E+00
1.115554487E+01  6.793954372E+00
1.116212050E+01  8.927609444E+00
1.116869612E+01  1.035381031E+01
1.117527174E+01  9.856244087E+00
1.118184737E+01  9.057464600E+00
1.118842299E+01  9.923775673E+00
1.119499861E+01  1.142831612E+01
1.120157424E+01  1.125467300E+01
1.120814986E+01  1.095020485E+01
1.121472548E+01  9.338634491E+00
1.122130111E+01  9.272009850E+00
1.122787673E+01  1.029231644E+01
1.123445235E+01  1.159730625E+01
1.124102797E+01  1.289449501E+01
1.124760360E+01  1.415702820E+01
1.125417922E+01  1.553822708E+01
1.126075484E+01  1.727100182E+01
1.126733047E+01  1.660731506E+01
1.127390609E+01  1.575908279E+01
1.128048171E+01  1.449536037E+01
1.128705734E+01  1.387719345E+01
1.129363296E+01  1.521416664E+01
1.130020858E+01  1.740082741E+01
1.130678421E+01  1.849432373E+01
1.131335983E+01  1.711430740E+01
1.131993545E+01  1.521783161E+01
1.132651108E+01  1.577172089E+01
1.133308670E+01  1.685608292E+01
1.133966232E+01  1.761352539E+01
1.134623795E+01  1.684144783E+01
1.135281357E+01  1.558431721E+01
1.135938919E+01  1.427283478E+01
1.136596482E+01  1.499981499E+01
1.137254044E+01  1.545133209E+01
1.137911606E+01  1.434910774E+01
1.138569169E+01  1.500959301E+01
1.139226731E+01  1.530441189E+01
1.139884293E+01  1.681515312E+01
1.140541856E+01  1.830162811E+01
1.141199418E+01  1.886837387E+01
1.141856980E+01  1.944072914E+01
1.142514543E+01  1.962811279E+01
1.143172105E+01  1.903457260E+01
1.143829667E+01  1.922656059E+01
1.144487230E+01  1.839454842E+01
1.145144792E+01  1.921680069E+01
1.145802354E+01  1.900439072E+01
1.146459917E+01  2.026907921E+01
1.147117479E+01  2.210855675E+01
1.147775041E+01  2.276797676E+01
1.148432604E+01  2.451836967E+01
1.149090166E+01  2.551161766E+01
1.149747728E+01  2.606757736E+01
1.150405291E+01  2.609496689E+01
1.151062853E+01  2.564019585E+01
1.151720415E+01  2.497525787E+01
1.152377978E+01  2.693708801E+01
1.153035540E+01  2.914777374E+01
1.153693102E+01  2.956777954E+01
1.154350665E+01  2.806137657E+01
1.155008227E+01  2.738736343E+01
1.155665789E+01  2.574936104E+01
1.156323351E+01  2.504679489E+01
1.156980914E+01  2.363562393E+01
1.157638476E+01  2.263401794E+01
1.158296038E+01  2.173729134E+01
1.158953601E+01  2.342395973E+01
1.159611163E+01  2.461297035E+01
1.160268725E+01  2.726379776E+01
1.160926288E+01  2.905905342E+01
1.161583850E+01  2.964131927E+01
1.162241412E+01  2.744418526E+01
1.162898975E+01  2.604284859E+01
1.163556537E+01  2.489091873E+01
1.164214099E+01  2.331017494E+01
1.164871662E+01  2.338411331E+01
1.165529224E+01  2.249457169E+01
1.166186786E+01  2.147212029E+01
1.166844349E+01  2.068688202E+01
1.167501911E+01  1.905047989E+01
1.168159473E+01  1.841253662E+01
1.168817036E+01  2.019297791E+01
1.169474598E+01  2.206808853E+01
1.170132160E+01  2.430985451E+01
1.170789723E+01  2.658137321E+01
1.171447285E+01  2.588462067E+01
1.172104847E+01  2.720203400E+01
1.172762410E+01  2.750043488E+01
1.173419972E+01  2.663238525E+01
1.174077534E+01  2.559888649E+01
1.174735097E+01  2.576959801E+01
1.175392659E+01  2.612843513E+01
1.176050221E+01  2.581507874E+01
1.176707784E+01  2.558346748E+01
1.177365346E+01  2.402592468E+01
1.178022908E+01  1.969326401E+01
1.178680471E+01  1.975837708E+01
1.179338033E+01  2.061241722E+01
1.179995595E+01  2.387553978E+01
1.180653158E+01  2.472112465E+01
1.181310720E+01  2.517216492E+01
1.181968282E+01  2.401678467E+01
1.182625845E+01  2.393422699E+01
1.183283407E+01  2.264865303E+01
1.183940969E+01  2.273041534E+01
1.184598532E+01  2.143737030E+01
1.185256094E+01  2.200148582E+01
1.185913656E+01  2.241938782E+01
1.186571219E+01  2.204267120E+01
1.187228781E+01  2.183182526E+01
1.187886343E+01  2.199977303E+01
1.188543906E+01  2.033072853E+01
1.189201468E+01  1.880909538E+01
1.189859030E+01  1.828695679E+01
1.190516592E+01  1.833611298E+01
1.191174155E+01  1.879301834E+01
1.191831717E+01  1.938523293E+01
1.192489279E+01  2.025731087E+01
1.193146842E+01  2.110213661E+01
1.193804404E+01  2.098369789E+01
1.194461966E+01  2.250014687E+01
1.195119529E+01  2.337903786E+01
1.195777091E+01  2.276393509E+01
1.196434653E+01  2.193462944E+01
1.197092216E+01  2.109474182E+01
1.197749778E+01  2.031653976E+01
1.198407340E+01  2.163030052E+01
1.199064903E+01  2.277723503E+01
1.199722465E+01  2.225050545E+01
1.200380027E+01  2.006671143E+01
1.201037590E+01  1.928151512E+01
1.201695152E+01  1.954725647E+01
1.202352714E+01  1.844888878E+01
1.203010277E+01  1.866707420E+01
1.203667839E+01  1.877162933E+01
1.204325401E+01  1.842905426E+01
1.204982964E+01  1.956707764E+01
1.205640526E+01  2.129897499E+01
1.206298088E+01  2.297532654E+01
1.206955651E+01  2.352679443E+01
1.207613213E+01  2.304907799E+01
1.208270775E+01  2.238397408E+01
1.208928338E+01  2.164378357E+01
1.209585900E+01  2.145741272E+01
1.210243462E+01  2.207682037E+01
1.210901025E+01  2.234966278E+01
1.211558587E+01  2.137653351E+01
1.212216149E+01  2.181124496E+01
1.212873712E+01  2.289501762E+01
1.213531274E+01  2.411126137E+01
1.214188836E+01  2.345998573E+01
1.214846399E+01  2.264237976E+01
1.215503961E+01  2.269165802E+01
1.216161523E+01  2.327824974E+01
1.216819086E+01  2.270392990E+01
1.217476648E+01  2.230856323E+01
1.218134210E+01  2.249500275E+01
1.218791773E+01  2.305526352E+01
1.219449335E+01  2.267833519E+01
1.220106897E+01  2.311082268E+01
1.220764460E+01  2.375070190E+01
1.221422022E+01  2.456625938E+01
1.222079584E+01  2.382607841E+01
1.222737146E+01  2.393545723E+01
1.223394709E+01  2.442713928E+01
1.224052271E+01  2.624890518E+01
1.224709833E+01  2.585878754E+01
1.225367396E+01  2.701950836E+01
1.226024958E+01  2.758460999E+01
1.226682520E+01  2.819278717E+01
1.227340083E+01  2.662726593E+01
1.227997645E+01  2.601355553E+01
1.228655207E+01  2.660753822E+01
1.229312770E+01  2.744487572E+01
1.229970332E+01  2.860126686E+01
1.230627894E+01  3.007477760E+01
1.231285457E+01  3.096746826E+01
1.231943019E+01  3.165630531E+01
1.232600581E+01  3.385174561E+01
1.233258144E+01  3.479158783E+01
1.233915706E+01  3.488989639E+01
1.234573268E+01  3.700947189E+01
1.235230831E+01  3.817423630E+01
1.235888393E+01  3.891446304E+01
1.236545955E+01  3.873307037E+01
1.237203518E+01  4.031853485E+01
1.237861080E+01  4.205023575E+01
1.238518642E+01  4.540130997E+01
1.239176205E+01  4.900553131E+01
1.239833767E+01  4.966708374E+01
1.240491329E+01  5.044112396E+01
1.241148892E+01  5.057373047E+01
1.241806454E+01  5.240814209E+01
1.242464016E+01  5.316992569E+01
1.243121579E+01  5.461882401E+01
1.243779141E+01  5.590178680E+01
1.244436703E+01  5.733129120E+01
1.245094266E+01  5.930818558E+01
1.245751828E+01  5.986760712E+01
1.246409390E+01  6.025513840E+01
1.247066953E+01  6.013041687E+01
1.247724515E+01  5.891236877E+01
1.248382077E+01  5.746327209E+01
1.249039640E+01  5.779238129E+01
1.249697202E+01  5.878492737E+01
1.250354764E+01  6.006052017E+01
1.251012327E+01  5.941259384E+01
1.251669889E+01  5.911212540E+01
1.252327451E+01  5.852189255E+01
1.252985014E+01  5.811307144E+01
1.253642576E+01  5.599062347E+01
1.254300138E+01  5.441137314E+01
1.254957700E+01  5.334015656E+01
1.255615263E+01  5.169297409E+01
1.256272825E+01  5.133895874E+01
1.256930387E+01  5.096951675E+01
1.257587950E+01  4.965690231E+01
1.258245512E+01  4.847679520E+01
1.258903074E+01  4.675586319E+01
1.259560637E+01  4.575825500E+01
1.260218199E+01  4.533993912E+01
1.260875761E+01  4.645842743E+01
1.261533324E+01  4.751461029E+01
1.262190886E+01  4.826972198E+01
1.262848448E+01  4.950745392E+01
1.263506011E+01  5.039432144E+01
1.264163573E+01  4.970523453E+01
1.264821135E+01  4.976050949E+01
1.265478698E+01  4.960848999E+01
1.266136260E+01  4.787223816E+01
1.266793822E+01  4.725341797E+01
1.267451385E+01  4.791024017E+01
1.268108947E+01  4.870794296E+01
1.268766509E+01  4.886967850E+01
1.269424072E+01  4.915423965E+01
1.270081634E+01  5.037413406E+01
1.270739196E+01  5.402496338E+01
1.271396759E+01  5.551347351E+01
1.272054321E+01  5.514434814E+01
1.272711883E+01  5.392784119E+01
1.273369446E+01  5.405487061E+01
1.274027008E+01  5.532620621E+01
1.274684570E+01  5.733120728E+01
1.275342133E+01  5.729104996E+01
1.275999695E+01  5.776725388E+01
1.276657257E+01  5.833353424E+01
1.277314820E+01  5.816614914E+01
1.277972382E+01  6.125922394E+01
1.278629944E+01  6.274311447E+01
1.279287507E+01  6.327552414E+01
1.279945069E+01  6.220212936E+01
1.280602631E+01  6.204244232E+01
1.281260194E+01  5.965484619E+01
1.281917756E+01  5.748755646E+01
1.282575318E+01  5.542971039E+01
1.283232881E+01  5.495882797E+01
1.283890443E+01  5.321257782E+01
1.284548005E+01  5.269386292E+01
1.285205568E+01  5.086848068E+01
1.285863130E+01  4.904451752E+01
1.286520692E+01  4.685475540E+01
1.287178255E+01  4.432554245E+01
1.287835817E+01  4.280792618E+01
1.288493379E+01  4.275452805E+01
1.289150941E+01  4.381571198E+01
1.289808504E+01  4.339868927E+01
1.290466066E+01  4.348390961E+01
1.291123628E+01  4.255817413E+01
1.291781191E+01  4.105262375E+01
1.292438753E+01  3.927241898E+01
1.293096315E+01  3.771852875E+01
1.293753878E+01  3.574348450E+01
1.294411440E+01  3.476964569E+01
1.295069002E+01  3.377943039E+01
1.295726565E+01  3.290906906E+01
1.296384127E+01  3.093493462E+01
1.297041689E+01  2.901621056E+01
1.297699252E+01  2.677448654E+01
1.298356814E+01  2.662969971E+01
1.299014376E+01  2.407404900E+01
1.299671939E+01  2.297180939E+01
1.300329501E+01  2.168188858E+01
1.300987063E+01  2.251827240E+01
1.301644626E+01  2.201419067E+01
1.302302188E+01  2.373265457E+01
1.302959750E+01  2.401354218E+01
1.303617313E+01  2.307270241E+01
1.304274875E+01  2.098439026E+01
1.304932437E+01  2.032481003E+01
1.305590000E+01  2.136890411E+01
1.306247562E+01  2.393311691E+01
1.306905124E+01  2.568496895E+01
1.307562687E+01  2.571043968E+01
1.308220249E+01  2.537138748E+01
1.308877811E+01  2.518103981E+01
1.309535374E+01  2.610623550E+01
1.310192936E+01  2.628911209E+01
1.310850498E+01  2.569357872E+01
1.311508061E+01  2.336850929E+01
1.312165623E+01  2.127439880E+01
1.312823185E+01  1.932584000E+01
1.313480748E+01  1.862200165E+01
1.314138310E+01  2.001253319E+01
1.314795872E+01  1.895597649E+01
1.315453435E+01  1.805735588E+01
1.316110997E+01  1.658672714E+01
1.316768559E+01  1.749628639E+01
1.317426122E+01  1.798723984E+01
1.318083684E+01  1.951763916E+01
1.318741246E+01  1.889415932E+01
1.319398809E+01  1.909535408E+01
1.320056371E+01  1.834001160E+01
1.320713933E+01  1.577074528E+01
1.321371495E+01  1.443690491E+01
1.322029058E+01  1.377358341E+01
1.322686620E+01  1.206206417E+01
1.323344182E+01  1.173011494E+01
1.324001745E+01  1.032024765E+01
1.324659307E+01  1.015231895E+01
1.325316869E+01  8.503215790E+00
1.325974432E+01  7.956954956E+00
1.326631994E+01  7.964739323E+00
1.327289556E+01  8.622304916E+00
1.327947119E+01  9.928707123E+00
1.328604681E+01  1.011347198E+01
1.329262243E+01  9.099972725E+00
1.329919806E+01  1.039654446E+01
1.330577368E+01  1.106767750E+01
1.331234930E+01  9.255497932E+00
1.331892493E+01  6.914146423E+00
1.332550055E+01  6.775596142E+00
1.333207617E+01  7.647994518E+00
1.333865180E+01  7.522595882E+00
1.334522742E+01  6.947296619E+00
1.335180304E+01  7.078883171E+00
1.335837867E+01  7.121505260E+00
1.336495429E+01  7.117207527E+00
1.337152991E+01  7.704714298E+00
1.337810554E+01  9.093554497E+00
1.338468116E+01  1.019150066E+01
1.339125678E+01  1.017439365E+01
1.339783241E+01  1.105889702E+01
1.340440803E+01  1.249448776E+01
1.341098365E+01  1.523611641E+01
1.341755928E+01  1.771793175E+01
1.342413490E+01  2.019586182E+01
1.343071052E+01  2.095464706E+01
1.343728615E+01  2.120432091E+01
1.344386177E+01  2.093714333E+01
1.345043739E+01  2.267174530E+01
1.345701302E+01  2.470019531E+01
1.346358864E+01  2.547471619E+01
1.347016426E+01  2.645290565E+01
1.347673989E+01  2.768855286E+01
1.348331551E+01  2.762997627E+01
1.348989113E+01  2.762637520E+01
1.349646676E+01  3.055136299E+01
1.350304238E+01  3.484495544E+01
1.350961800E+01  3.829970932E+01
1.351619363E+01  4.156804276E+01
1.352276925E+01  4.462122345E+01
1.352934487E+01  4.860335922E+01
1.353592050E+01  5.246032715E+01
1.354249612E+01  5.655791855E+01
1.354907174E+01  6.110420609E+01
1.355564736E+01  6.546155548E+01
1.356222299E+01  7.135854340E+01
1.356879861E+01  7.865949249E+01
1.357537423E+01  8.498506927E+01
1.358194986E+01  9.148423767E+01
1.358852548E+01  9.840217590E+01
1.359510110E+01  1.047286835E+02
1.360167673E+01  1.126605682E+02
1.360825235E+01  1.197130203E+02
1.361482797E+01  1.258177261E+02
1.362140360E+01  1.319205017E+02
1.362797922E+01  1.378998260E+02
1.363455484E+01  1.448445740E+02
1.364113047E+01  1.519315338E+02
1.364770609E+01  1.589131927E+02
1.365428171E+01  1.665044098E+02
1.366085734E+01  1.746475677E+02
1.366743296E+01  1.837440796E+02
1.367400858E+01  1.937148438E+02
1.368058421E+01  2.067981720E+02
1.368715983E+01  2.205380096E+02
1.369373545E+01  2.347336731E+02
1.370031108E+01  2.500810089E+02
1.370688670E+01  2.692401428E+02
1.371346232E+01  2.917511597E+02
1.372003795E+01  3.169953613E+02
1.372661357E+01  3.456925354E+02
1.373318919E+01  3.754788818E+02
1.373976482E+01  4.059105835E+02
1.374634044E+01  4.363943481E+02
1.375291606E+01  4.722549438E+02
1.375949169E+01  4.991348877E+02
1.376606731E+01  5.341133423E+02
1.377264293E+01  5.599763794E+02
1.377921856E+01  5.774262085E+02
1.378579418E+01  5.905087280E+02
1.379236980E+01  5.937747192E+02
1.379894543E+01  5.919204712E+02
1.380552105E+01  5.933181152E+02
1.381209667E+01  5.871140137E+02
1.381867230E+01  5.729049683E+02
1.382524792E+01  5.594263306E+02
1.383182354E+01  5.491253052E+02
1.383839917E+01  5.428203125E+02
1.384497479E+01  5.353511963E+02
1.385155041E+01  5.159757690E+02
1.385812604E+01  4.964020996E+02
1.386470166E+01  4.759084473E+02
1.387127728E+01  4.577937012E+02
1.387785290E+01  4.464933777E+02
1.388442853E+01  4.334908752E+02
1.389100415E+01  4.194493408E+02
1.389757977E+01  4.050396423E+02
1.390415540E+01  3.924092407E+02
1.391073102E+01  3.798608704E+02
1.391730664E+01  3.700205383E+02
1.392388227E+01  3.576040344E+02
1.393045789E+01  3.458086548E+02
1.393703351E+01  3.280908813E+02
1.394360914E+01  3.164219666E+02
1.395018476E+01  3.043179626E+02
1.395676038E+01  2.921861267E+02
1.396333601E+01  2.803677063E+02
1.396991163E+01  2.714403381E+02
1.397648725E+01  2.630094910E+02
1.398306288E+01  2.539408264E+02
1.398963850E+01  2.450229340E+02
1.399621412E+01  2.365575104E+02
1.400278975E+01  2.274786072E+02
1.400936537E+01  2.176167603E+02
1.401594099E+01  2.085935211E+02
1.402251662E+01  2.014835510E+02
1.402909224E+01  1.941251526E+02
1.403566786E+01  1.884821930E+02
1.404224349E+01  1.821825104E+02
1.404881911E+01  1.755805511E+02
1.405539473E+01  1.688745117E+02
1.406197036E+01  1.639774170E+02
1.406854598E+01  1.587710266E+02
1.407512160E+01  1.536840057E+02
1.408169723E+01  1.470644226E+02
1.408827285E+01  1.427252045E+02
1.409484847E+01  1.368923340E+02
1.410142410E+01  1.319441833E+02
1.410799972E+01  1.265369263E+02
1.411457534E+01  1.207862091E+02
1.412115097E+01  1.131602173E+02
1.412772659E+01  1.074230423E+02
1.413430221E+01  1.026874008E+02
1.414087784E+01  9.725791168E+01
1.414745346E+01  9.080979156E+01
1.415402908E+01  8.671455383E+01
1.416060471E+01  8.419624329E+01
1.416718033E+01  8.166983032E+01
1.417375595E+01  7.761425018E+01
1.418033158E+01  7.409925842E+01
1.418690720E+01  6.911843872E+01
1.419348282E+01  6.344906998E+01
1.420005844E+01  5.757107162E+01
1.420663407E+01  5.358838272E+01
1.421320969E+01  5.031100464E+01
1.421978531E+01  4.859385681E+01
1.422636094E+01  4.520446396E+01
1.423293656E+01  4.186346817E+01
1.423951218E+01  3.836769485E+01
1.424608781E+01  3.662431717E+01
1.425266343E+01  3.587547684E+01
1.425923905E+01  3.608010483E+01
1.426581468E+01  3.522985458E+01
1.427239030E+01  3.257224274E+01
1.427896592E+01  3.090897560E+01
1.428554155E+01  2.978981972E+01
1.429211717E+01  2.813513756E+01
1.429869279E+01  2.583063316E+01
1.430526842E+01  2.398954391E+01
1.431184404E+01  2.365333176E+01
1.431841966E+01  2.367693520E+01
1.432499529E+01  2.154761887E+01
1.433157091E+01  1.904707718E+01
1.433814653E+01  1.685007286E+01
1.434472216E+01  1.700588036E+01
1.435129778E+01  1.753837776E+01
1.435787340E+01  1.912281418E+01
1.436444903E+01  1.822984695E+01
1.437102465E+01  1.571343231E+01
1.437760027E+01  1.349832439E+01
1.438417590E+01  1.216747952E+01
1.439075152E+01  1.054066944E+01
1.439732714E+01  9.643231392E+00
1.440390277E+01  1.150147533E+01
1.441047839E+01  1.280723763E+01
1.441705401E+01  1.417569256E+01
1.442362964E+01  1.255795002E+01
1.443020526E+01  1.038461018E+01
1.443678088E+01  9.220548630E+00
1.444335651E+01  8.677515984E+00
1.444993213E+01  7.816477776E+00
1.445650775E+01  8.280918121E+00
1.446308338E+01  8.378383636E+00
1.446965900E+01  7.731359005E+00
1.447623462E+01  7.902760029E+00
1.448281025E+01  9.119562149E+00
1.448938587E+01  1.052915192E+01
1.449596149E+01  1.087315273E+01
1.450253712E+01  1.048400784E+01
1.450911274E+01  1.019074535E+01
1.451568836E+01  1.053918648E+01
1.452226399E+01  9.557578087E+00
1.452883961E+01  9.107172966E+00
1.453541523E+01  9.328037262E+00
1.454199085E+01  9.674687386E+00
1.454856648E+01  9.453695297E+00
1.455514210E+01  1.005854511E+01
1.456171772E+01  1.018204308E+01
1.456829335E+01  1.022695637E+01
1.457486897E+01  9.920762062E+00
1.458144459E+01  9.475313187E+00
1.458802022E+01  7.672780037E+00
1.459459584E+01  7.660079956E+00
1.460117146E+01  7.996243000E+00
1.460774709E+01  7.236396313E+00
1.461432271E+01  5.743285656E+00
1.462089833E+01  5.892844200E+00
1.462747396E+01  7.935031414E+00
1.463404958E+01  8.707211494E+00
1.464062520E+01  9.124876976E+00
1.464720083E+01  8.446296692E+00
1.465377645E+01  7.727103710E+00
1.466035207E+01  7.525865078E+00
1.466692770E+01  8.076441765E+00
1.467350332E+01  8.335354805E+00
1.468007894E+01  7.535492897E+00
1.468665457E+01  7.955156326E+00
1.469323019E+01  9.743742943E+00
1.469980581E+01  1.064732933E+01
1.470638144E+01  1.230017757E+01
1.471295706E+01  1.262951946E+01
1.471953268E+01  1.238778305E+01
1.472610831E+01  1.198657513E+01
1.473268393E+01  1.302109909E+01
1.473925955E+01  1.408948421E+01
1.474583518E+01  1.328302670E+01
1.475241080E+01  1.228725910E+01
1.475898642E+01  1.229552460E+01
1.476556205E+01  1.367060089E+01
1.477213767E+01  1.393249035E+01
1.477871329E+01  1.315637016E+01
1.478528892E+01  1.198235607E+01
1.479186454E+01  1.181862926E+01
1.479844016E+01  1.330432701E+01
1.480501579E+01  1.549850655E+01
1.481159141E+01  1.549733067E+01
1.481816703E+01  1.337889671E+01
1.482474266E+01  1.359385586E+01
1.483131828E+01  1.482772255E+01
1.483789390E+01  1.508925152E+01
1.484446953E+01  1.315428448E+01
1.485104515E+01  1.173079109E+01
1.485762077E+01  1.062683678E+01
1.486419639E+01  1.157187271E+01
1.487077202E+01  1.346819973E+01
1.487734764E+01  1.449546051E+01
1.488392326E+01  1.459404087E+01
1.489049889E+01  1.643918991E+01
1.489707451E+01  1.762558556E+01
1.490365013E+01  1.668980217E+01
1.491022576E+01  1.358199310E+01
1.491680138E+01  1.216685581E+01
1.492337700E+01  1.135401249E+01
1.492995263E+01  1.311217022E+01
1.493652825E+01  1.388708496E+01
1.494310387E+01  1.502490520E+01
1.494967950E+01  1.457686138E+01
1.495625512E+01  1.402972984E+01
1.496283074E+01  1.407829762E+01
1.496940637E+01  1.423913002E+01
1.497598199E+01  1.403954029E+01
1.498255761E+01  1.392529774E+01
1.498913324E+01  1.347303391E+01
1.499570886E+01  1.313096619E+01
1.500228448E+01  1.403823376E+01
1.500886011E+01  1.581102562E+01
1.501543573E+01  1.648594856E+01
1.502201135E+01  1.773583794E+01
1.502858698E+01  1.920912361E+01
1.503516260E+01  1.730374336E+01
1.504173822E+01  1.461490631E+01
1.504831385E+01  1.425638008E+01
1.505488947E+01  1.521302795E+01
1.506146509E+01  1.561619854E+01
1.506804072E+01  1.429353142E+01
1.507461634E+01  1.180899906E+01
1.508119196E+01  1.142188358E+01
1.508776759E+01  1.272545719E+01
1.509434321E+01  1.353174114E+01
1.510091883E+01  1.408097935E+01
1.510749446E+01  1.485462952E+01
1.511407008E+01  1.474039936E+01
1.512064570E+01  1.436232185E+01
1.512722133E+01  1.467060566E+01
1.513379695E+01  1.410178375E+01
1.514037257E+01  1.331504822E+01
1.514694820E+01  1.182505417E+01
1.515352382E+01  1.213473988E+01
1.516009944E+01  1.366012859E+01
1.516667507E+01  1.420835209E+01
1.517325069E+01  1.544347668E+01
1.517982631E+01  1.432888126E+01
1.518640194E+01  1.376935005E+01
1.519297756E+01  1.227855015E+01
1.519955318E+01  1.174954128E+01
1.520612880E+01  1.174627972E+01
1.521270443E+01  1.154853916E+01
1.521928005E+01  1.150689125E+01
1.522585567E+01  1.235960007E+01
1.523243130E+01  1.216670609E+01
1.523900692E+01  1.306197643E+01
1.524558254E+01  1.437302494E+01
1.525215817E+01  1.485665989E+01
1.525873379E+01  1.570133114E+01
1.526530941E+01  1.619265366E+01
1.527188504E+01  1.586575413E+01
1.527846066E+01  1.639930916E+01
1.528503628E+01  1.595490837E+01
1.529161191E+01  1.651005554E+01
1.529818753E+01  1.520778561E+01
1.530476315E+01  1.271065903E+01
1.531133878E+01  1.197323418E+01
1.531791440E+01  1.342711544E+01
1.532449002E+01  1.534375668E+01
1.533106565E+01  1.568308640E+01
1.533764127E+01  1.561939144E+01
1.534421689E+01  1.515508366E+01
1.535079252E+01  1.397666168E+01
1.535736814E+01  1.366173840E+01
1.536394376E+01  1.313216591E+01
1.537051939E+01  1.293968391E+01
1.537709501E+01  1.246367073E+01
1.538367063E+01  1.331690693E+01
1.539024626E+01  1.248717594E+01
1.539682188E+01  1.282652187E+01
1.540339750E+01  1.241306686E+01
1.540997313E+01  1.323558044E+01
1.541654875E+01  1.343859863E+01
1.542312437E+01  1.310269451E+01
1.542970000E+01  1.377035999E+01
1.543627562E+01  1.337666607E+01
1.544285124E+01  1.215454197E+01
1.544942687E+01  9.700198174E+00
1.545600249E+01  8.243637085E+00
1.546257811E+01  8.545627594E+00
1.546915374E+01  9.733638763E+00
1.547572936E+01  1.160018158E+01
1.548230498E+01  1.239382172E+01
1.548888061E+01  1.227133274E+01
1.549545623E+01  1.106819630E+01
1.550203185E+01  9.430935860E+00
1.550860748E+01  7.919643879E+00
1.551518310E+01  6.743343353E+00
1.552175872E+01  6.781466007E+00
1.552833434E+01  6.828971386E+00
1.553490997E+01  6.195465565E+00
1.554148559E+01  6.192997456E+00
1.554806121E+01  7.535469532E+00
1.555463684E+01  7.934830666E+00
1.556121246E+01  7.773437500E+00
1.556778808E+01  7.627494812E+00
1.557436371E+01  7.304160595E+00
1.558093933E+01  6.986081600E+00
1.558751495E+01  6.855901718E+00
1.559409058E+01  6.503490448E+00
1.560066620E+01  8.006507874E+00
1.560724182E+01  7.237534523E+00
1.561381745E+01  5.826961994E+00
1.562039307E+01  4.406645298E+00
1.562696869E+01  4.335976601E+00
1.563354432E+01  5.067121029E+00
1.564011994E+01  5.146969318E+00
1.564669556E+01  5.446629047E+00
1.565327119E+01  4.939748287E+00
1.565984681E+01  3.223020315E+00
1.566642243E+01  1.795482635E+00
1.567299806E+01  2.450406551E-01
1.567957368E+01  1.235283732E+00
1.568614930E+01  1.854118705E+00
1.569272493E+01  2.070801735E+00
1.569930055E+01  2.474707603E+00
1.570587617E+01  3.335389376E+00
1.571245180E+01  3.898963928E+00
1.571902742E+01  3.992606878E+00
1.572560304E+01  2.577284813E+00
1.573217867E+01  1.130081415E+00
1.573875429E+01  8.634348512E-01
1.574532991E+01  2.397990465E+00
1.575190554E+01  3.086330891E+00
1.575848116E+01  3.118933439E+00
1.576505678E+01  3.594970703E+00
1.577163241E+01  4.679537773E+00
1.577820803E+01  5.599744797E+00
1.578478365E+01  5.986027718E+00
1.579135928E+01  5.939040184E+00
1.579793490E+01  6.047234058E+00
1.580451052E+01  5.261367798E+00
1.581108615E+01  5.032205582E+00
1.581766177E+01  5.256314278E+00
1.582423739E+01  4.012882233E+00
1.583081302E+01  4.812252522E+00
1.583738864E+01  5.856665611E+00
1.584396426E+01  6.865452766E+00
1.585053988E+01  7.207363129E+00
1.585711551E+01  8.062180519E+00
1.586369113E+01  8.408519745E+00
1.587026675E+01  8.912006378E+00
1.587684238E+01  9.180160522E+00
1.588341800E+01  8.883980751E+00
1.588999362E+01  8.923953056E+00
1.589656925E+01  9.458379745E+00
1.590314487E+01  1.119194412E+01
1.590972049E+01  1.223362637E+01
1.591629612E+01  1.546486473E+01
1.592287174E+01  1.871045303E+01
1.592944736E+01  2.095583153E+01
1.593602299E+01  2.224502182E+01
1.594259861E+01  2.389255905E+01
1.594917423E+01  2.496248055E+01
1.595574986E+01  2.571804237E+01
1.596232548E+01  2.724231529E+01
1.596890110E+01  2.872823524E+01
1.597547673E+01  3.125789070E+01
1.598205235E+01  3.541678238E+01
1.598862797E+01  3.934608078E+01
1.599520360E+01  4.292668533E+01
1.600177922E+01  4.484711838E+01
1.600835484E+01  4.801855087E+01
1.601493047E+01  5.165683746E+01
1.602150609E+01  5.543388748E+01
1.602808171E+01  6.174036026E+01
1.603465734E+01  6.747911072E+01
1.604123296E+01  7.538893890E+01
1.604780858E+01  8.379164886E+01
1.605438421E+01  9.152758789E+01
1.606095983E+01  9.905773163E+01
1.606753545E+01  1.077063065E+02
1.607411108E+01  1.172677841E+02
1.608068670E+01  1.273447266E+02
1.608726232E+01  1.409581451E+02
1.609383795E+01  1.537091522E+02
1.610041357E+01  1.669117432E+02
1.610698919E+01  1.811269836E+02
1.611356482E+01  1.960746307E+02
1.612014044E+01  2.119270935E+02
1.612671606E+01  2.271258087E+02
1.613329169E+01  2.442313690E+02
1.613986731E+01  2.625138550E+02
1.614644293E+01  2.822276917E+02
1.615301856E+01  3.033201904E+02
1.615959418E+01  3.236830750E+02
1.616616980E+01  3.464056702E+02
1.617274543E+01  3.692674255E+02
1.617932105E+01  3.918982239E+02
1.618589667E+01  4.126008911E+02
1.619247229E+01  4.376845703E+02
1.619904792E+01  4.627416687E+02
1.620562354E+01  4.889860840E+02
1.621219916E+01  5.109852600E+02
1.621877479E+01  5.299658813E+02
1.622535041E+01  5.489714966E+02
1.623192603E+01  5.684035034E+02
1.623850166E+01  5.835334473E+02
1.624507728E+01  5.956905518E+02
1.625165290E+01  6.009735107E+02
1.625822853E+01  6.034126587E+02
1.626480415E+01  6.001535645E+02
1.627137977E+01  5.935703735E+02
1.627795540E+01  5.849589844E+02
1.628453102E+01  5.750811768E+02
1.629110664E+01  5.620795898E+02
1.629768227E+01  5.469328003E+02
1.630425789E+01  5.289885254E+02
1.631083351E+01  5.134328003E+02
1.631740914E+01  4.997783508E+02
1.632398476E+01  4.835701294E+02
1.633056038E+01  4.677915649E+02
1.633713601E+01  4.508371887E+02
1.634371163E+01  4.364355164E+02
1.635028725E+01  4.200250854E+02
1.635686288E+01  4.044642029E+02
1.636343850E+01  3.862285156E+02
1.637001412E+01  3.673365173E+02
1.637658975E+01  3.482984924E+02
1.638316537E+01  3.294224854E+02
1.638974099E+01  3.096328125E+02
1.639631662E+01  2.890715332E+02
1.640289224E+01  2.669500427E+02
1.640946786E+01  2.487604675E+02
1.641604349E+01  2.313421783E+02
1.642261911E+01  2.154153290E+02
1.642919473E+01  2.000882874E+02
1.643577036E+01  1.864152374E+02
1.644234598E+01  1.724864502E+02
1.644892160E+01  1.579840546E+02
1.645549723E+01  1.439241180E+02
1.646207285E+01  1.310131683E+02
1.646864847E+01  1.183507919E+02
1.647522410E+01  1.064779892E+02
1.648179972E+01  9.601388550E+01
1.648837534E+01  8.790818024E+01
1.649495097E+01  8.044699097E+01
1.650152659E+01  7.438276672E+01
1.650810221E+01  6.838348389E+01
1.651467783E+01  6.119621658E+01
1.652125346E+01  5.627165604E+01
1.652782908E+01  5.216939545E+01
1.653440470E+01  4.805400085E+01
1.654098033E+01  4.493867874E+01
1.654755595E+01  4.077170563E+01
1.655413157E+01  3.802282715E+01
1.656070720E+01  3.685125732E+01
1.656728282E+01  3.620087814E+01
1.657385844E+01  3.514838028E+01
1.658043407E+01  3.329389572E+01
1.658700969E+01  3.208813477E+01
1.659358531E+01  3.206824493E+01
1.660016094E+01  3.215026855E+01
1.660673656E+01  3.230249405E+01
1.661331218E+01  3.241507721E+01
1.661988781E+01  3.259155655E+01
1.662646343E+01  3.243350983E+01
1.663303905E+01  3.375637054E+01
1.663961468E+01  3.520419312E+01
1.664619030E+01  3.746446609E+01
1.665276592E+01  3.856892395E+01
1.665934155E+01  4.028659058E+01
1.666591717E+01  4.298512268E+01
1.667249279E+01  4.663128662E+01
1.667906842E+01  4.984272003E+01
1.668564404E+01  5.319896698E+01
1.669221966E+01  5.621169662E+01
1.669879529E+01  5.910545731E+01
1.670537091E+01  6.392462540E+01
1.671194653E+01  6.952459717E+01
1.671852216E+01  7.358302307E+01
1.672509778E+01  7.782786560E+01
1.673167340E+01  8.327806854E+01
1.673824903E+01  8.819136810E+01
1.674482465E+01  9.252177429E+01
1.675140027E+01  9.600502777E+01
1.675797590E+01  9.942863464E+01
1.676455152E+01  1.019692612E+02
1.677112714E+01  1.051556320E+02
1.677770277E+01  1.091692810E+02
1.678427839E+01  1.141282959E+02
1.679085401E+01  1.177801361E+02
1.679742964E+01  1.214650726E+02
1.680400526E+01  1.246707993E+02
1.681058088E+01  1.283372040E+02
1.681715651E+01  1.309993591E+02
1.682373213E+01  1.348427582E+02
1.683030775E+01  1.368917694E+02
1.683688338E+01  1.402254333E+02
1.684345900E+01  1.444291687E+02
1.685003462E+01  1.497534332E+02
1.685661024E+01  1.543573608E+02
1.686318587E+01  1.593469086E+02
1.686976149E+01  1.641439209E+02
1.687633711E+01  1.711712494E+02
1.688291274E+01  1.811388550E+02
1.688948836E+01  1.908528748E+02
1.689606398E+01  1.967923279E+02
1.690263961E+01  2.041740112E+02
1.690921523E+01  2.102406311E+02
1.691579085E+01  2.157187195E+02
1.692236648E+01  2.220179901E+02
1.692894210E+01  2.272732086E+02
1.693551772E+01  2.327016449E+02
1.694209335E+01  2.387296143E+02
1.694866897E+01  2.433590240E+02
1.695524459E+01  2.444497681E+02
1.696182022E+01  2.415882416E+02
1.696839584E+01  2.366733704E+02
1.697497146E+01  2.292705383E+02
1.698154709E+01  2.192386169E+02
1.698812271E+01  2.094051819E+02
1.699469833E+01  2.000695190E+02
1.700127396E+01  1.902862549E+02
1.700784958E+01  1.815846100E+02
1.701442520E+01  1.713312073E+02
1.702100083E+01  1.602574158E+02
1.702757645E+01  1.478885040E+02
1.703415207E+01  1.364065247E+02
1.704072770E+01  1.276780624E+02
1.704730332E+01  1.216712494E+02
1.705387894E+01  1.169225845E+02
1.706045457E+01  1.120418091E+02
1.706703019E+01  1.064101257E+02
1.707360581E+01  1.001133499E+02
1.708018144E+01  9.314546967E+01
1.708675706E+01  8.634717560E+01
1.709333268E+01  7.902106476E+01
1.709990831E+01  7.150391388E+01
1.710648393E+01  6.628241730E+01
1.711305955E+01  6.343992615E+01
1.711963518E+01  6.066236877E+01
1.712621080E+01  5.707511520E+01
1.713278642E+01  5.335872650E+01
1.713936205E+01  4.938127136E+01
1.714593767E+01  4.468172455E+01
1.715251329E+01  4.038598633E+01
1.715908892E+01  3.780747223E+01
1.716566454E+01  3.481233978E+01
1.717224016E+01  3.297623062E+01
1.717881578E+01  3.162968063E+01
1.718539141E+01  2.901095009E+01
1.719196703E+01  2.658048058E+01
1.719854265E+01  2.427577209E+01
1.720511828E+01  2.258462906E+01
1.721169390E+01  2.080345345E+01
1.721826952E+01  2.116273689E+01
1.722484515E+01  2.008633995E+01
1.723142077E+01  1.817976189E+01
1.723799639E+01  1.669059563E+01
1.724457202E+01  1.603830910E+01
1.725114764E+01  1.499588585E+01
1.725772326E+01  1.431286526E+01
1.726429889E+01  1.475831699E+01
1.727087451E+01  1.442014694E+01
1.727745013E+01  1.344387341E+01
1.728402576E+01  1.245693493E+01
1.729060138E+01  1.160336018E+01
1.729717700E+01  1.009308434E+01
1.730375263E+01  7.584755898E+00
1.731032825E+01  7.116892338E+00
1.731690387E+01  7.088345528E+00
1.732347950E+01  6.455078602E+00
1.733005512E+01  5.464054108E+00
1.733663074E+01  4.045322418E+00
1.734320637E+01  2.672372818E+00
1.734978199E+01  2.793776512E+00
1.735635761E+01  3.256525755E+00
1.736293324E+01  4.135625362E+00
1.736950886E+01  3.409386873E+00
1.737608448E+01  1.854937911E+00
1.738266011E+01  1.667852521E+00
1.738923573E+01  2.148188829E+00
1.739581135E+01  3.121389627E+00
1.740238698E+01  3.521780014E+00
1.740896260E+01  5.113274574E+00
1.741553822E+01  5.124142647E+00
1.742211385E+01  3.944281101E+00
1.742868947E+01  2.013883591E+00
1.743526509E+01  6.032321453E-01
1.744184072E+01  -2.400365472E-01
1.744841634E+01  4.877828360E-01
1.745499196E+01  1.347052217E+00
1.746156759E+01  1.299030542E+00
1.746814321E+01  1.228336573E+00
1.747471883E+01  1.438555717E+00
1.748129446E+01  1.151265383E+00
1.748787008E+01  7.257621884E-01
1.749444570E+01  -7.628899813E-02
1.750102132E+01  1.977199018E-01
1.750759695E+01  6.488596797E-01
1.751417257E+01  7.209994793E-01
1.752074819E+01  1.536255479E+00
1.752732382E+01  9.838569760E-01
1.753389944E+01  3.362229094E-02
1.754047506E+01  -5.272271037E-01
1.754705069E+01  -3.113529384E-01
1.755362631E+01  8.283655047E-01
1.756020193E+01  1.145997286E+00
1.756677756E+01  1.768670797E+00
1.757335318E+01  3.714149237E+00
1.757992880E+01  5.650593281E+00
1.758650443E+01  5.982496738E+00
1.759308005E+01  4.697851181E+00
1.759965567E+01  4.221660137E+00
1.760623130E+01  3.808023930E+00
1.761280692E+01  4.184183598E+00
1.761938254E+01  4.538797379E+00
1.762595817E+01  5.635221481E+00
1.763253379E+01  6.750472546E+00
1.763910941E+01  7.344658852E+00
1.764568504E+01  7.468696594E+00
1.765226066E+01  7.194481850E+00
1.765883628E+01  8.617334366E+00
1.766541191E+01  8.689490318E+00
1.767198753E+01  8.011608124E+00
1.767856315E+01  7.291265965E+00
1.768513878E+01  6.542178631E+00
1.769171440E+01  7.155977726E+00
1.769829002E+01  7.810904026E+00
1.770486565E+01  8.424933434E+00
1.771144127E+01  6.631363869E+00
1.771801689E+01  5.692882061E+00
1.772459252E+01  6.486915112E+00
1.773116814E+01  7.329850674E+00
1.773774376E+01  7.535145760E+00
1.774431939E+01  8.520261765E+00
1.775089501E+01  8.202173233E+00
1.775747063E+01  8.441217422E+00
1.776404626E+01  8.453208923E+00
1.777062188E+01  9.635117531E+00
1.777719750E+01  1.093568039E+01
1.778377313E+01  1.206340885E+01
1.779034875E+01  1.223463535E+01
1.779692437E+01  1.206414127E+01
1.780350000E+01  1.377511215E+01
1.781007562E+01  1.443449593E+01
1.781665124E+01  1.463414860E+01
1.782322687E+01  1.280431557E+01
1.782980249E+01  1.215796089E+01
1.783637811E+01  1.245248699E+01
1.784295373E+01  1.243651295E+01
1.784952936E+01  1.435768127E+01
1.785610498E+01  1.467457199E+01
1.786268060E+01  1.608990479E+01
1.786925623E+01  1.574242783E+01
1.787583185E+01  1.595936394E+01
1.788240747E+01  1.579741859E+01
1.788898310E+01  1.616143417E+01
1.789555872E+01  1.768329239E+01
1.790213434E+01  1.820335960E+01
1.790870997E+01  1.695701027E+01
1.791528559E+01  1.705070114E+01
1.792186121E+01  1.878765297E+01
1.792843684E+01  1.957653999E+01
1.793501246E+01  1.871860504E+01
1.794158808E+01  1.850287247E+01
1.794816371E+01  1.989413643E+01
1.795473933E+01  2.033472443E+01
1.796131495E+01  1.999693489E+01
1.796789058E+01  2.091731834E+01
1.797446620E+01  2.173252487E+01
1.798104182E+01  2.125498199E+01
1.798761745E+01  2.034790230E+01
1.799419307E+01  1.907225609E+01
1.800076869E+01  1.973072052E+01
1.800734432E+01  2.051807213E+01
1.801391994E+01  2.178193283E+01
1.802049556E+01  2.321270752E+01
1.802707119E+01  2.494368744E+01
1.803364681E+01  2.499880981E+01
1.804022243E+01  2.582926941E+01
1.804679806E+01  2.567876053E+01
1.805337368E+01  2.441208839E+01
1.805994930E+01  2.240237236E+01
1.806652493E+01  2.127812576E+01
1.807310055E+01  2.072743607E+01
1.807967617E+01  2.261223793E+01
1.808625180E+01  2.311527061E+01
1.809282742E+01  2.249447823E+01
1.809940304E+01  2.336913681E+01
1.810597867E+01  2.443957520E+01
1.811255429E+01  2.505944252E+01
1.811912991E+01  2.586899567E+01
1.812570554E+01  2.564667320E+01
1.813228116E+01  2.510351372E+01
1.813885678E+01  2.500913239E+01
1.814543241E+01  2.546369553E+01
1.815200803E+01  2.710103989E+01
1.815858365E+01  2.803398132E+01
1.816515927E+01  2.810382843E+01
1.817173490E+01  2.765528870E+01
1.817831052E+01  2.647005081E+01
1.818488614E+01  2.608125305E+01
1.819146177E+01  2.554984093E+01
1.819803739E+01  2.599972725E+01
1.820461301E+01  2.679798126E+01
1.821118864E+01  2.645374298E+01
1.821776426E+01  2.499763107E+01
1.822433988E+01  2.393926430E+01
1.823091551E+01  2.397673798E+01
1.823749113E+01  2.413188171E+01
1.824406675E+01  2.405105019E+01
1.825064238E+01  2.384691811E+01
1.825721800E+01  2.445444679E+01
1.826379362E+01  2.451955414E+01
1.827036925E+01  2.488056946E+01
1.827694487E+01  2.452721786E+01
1.828352049E+01  2.383206367E+01
1.829009612E+01  2.427659035E+01
1.829667174E+01  2.328958130E+01
1.830324736E+01  2.340775299E+01
1.830982299E+01  2.309314728E+01
1.831639861E+01  2.178097534E+01
1.832297423E+01  2.059787369E+01
1.832954986E+01  1.999862099E+01
1.833612548E+01  2.036622810E+01
1.834270110E+01  2.075217056E+01
1.834927673E+01  2.102628136E+01
1.835585235E+01  2.169705582E+01
1.836242797E+01  2.138869858E+01
1.836900360E+01  2.073515892E+01
1.837557922E+01  2.012817192E+01
1.838215484E+01  1.987740898E+01
1.838873047E+01  1.942874146E+01
1.839530609E+01  1.912008286E+01
1.840188171E+01  2.000268936E+01
1.840845734E+01  1.994515610E+01
1.841503296E+01  1.858947563E+01
1.842160858E+01  1.820552635E+01
1.842818421E+01  1.883854485E+01
1.843475983E+01  2.035355949E+01
1.844133545E+01  2.149887276E+01
1.844791108E+01  2.092609024E+01
1.845448670E+01  2.060419083E+01
1.846106232E+01  2.137714767E+01
1.846763795E+01  2.073348045E+01
1.847421357E+01  2.035751915E+01
1.848078919E+01  1.943802071E+01
1.848736482E+01  1.917695427E+01
1.849394044E+01  2.044723320E+01
1.850051606E+01  2.246507835E+01
1.850709168E+01  2.289793968E+01
1.851366731E+01  2.246995735E+01
1.852024293E+01  2.171197701E+01
1.852681855E+01  1.988828850E+01
1.853339418E+01  1.905377197E+01
1.853996980E+01  1.909489059E+01
1.854654542E+01  1.985274124E+01
1.855312105E+01  2.101268768E+01
1.855969667E+01  2.132652092E+01
1.856627229E+01  2.187855530E+01
1.857284792E+01  2.274968910E+01
1.857942354E+01  2.286795998E+01
1.858599916E+01  2.314038849E+01
1.859257479E+01  2.464239693E+01
1.859915041E+01  2.527699471E+01
1.860572603E+01  2.454575729E+01
1.861230166E+01  2.416356468E+01
1.861887728E+01  2.454199791E+01
1.862545290E+01  2.485476112E+01
1.863202853E+01  2.403476524E+01
1.863860415E+01  2.412372589E+01
1.864517977E+01  2.411397934E+01
1.865175540E+01  2.484253883E+01
1.865833102E+01  2.613904572E+01
1.866490664E+01  2.846153831E+01
1.867148227E+01  2.985252380E+01
1.867805789E+01  3.015432739E+01
1.868463351E+01  2.883674431E+01
1.869120914E+01  2.825634956E+01
1.869778476E+01  2.723658180E+01
1.870436038E+01  2.663465881E+01
1.871093601E+01  2.605545425E+01
1.871751163E+01  2.521577072E+01
1.872408725E+01  2.492773628E+01
1.873066288E+01  2.496745491E+01
1.873723850E+01  2.619121742E+01
1.874381412E+01  2.649007607E+01
1.875038975E+01  2.755886841E+01
1.875696537E+01  2.775460434E+01
1.876354099E+01  2.775658226E+01
1.877011662E+01  2.714596367E+01
1.877669224E+01  2.621335411E+01
1.878326786E+01  2.618435860E+01
1.878984349E+01  2.631037903E+01
1.879641911E+01  2.618009949E+01
1.880299473E+01  2.665160561E+01
1.880957036E+01  2.625909424E+01
1.881614598E+01  2.575827980E+01
1.882272160E+01  2.581829071E+01
1.882929722E+01  2.488982773E+01
1.883587285E+01  2.444640160E+01
1.884244847E+01  2.410154343E+01
1.884902409E+01  2.341253853E+01
1.885559972E+01  2.194541740E+01
1.886217534E+01  2.153573990E+01
1.886875096E+01  2.112164497E+01
1.887532659E+01  2.137915802E+01
1.888190221E+01  2.131696510E+01
1.888847783E+01  2.157283592E+01
1.889505346E+01  2.185409164E+01
1.890162908E+01  2.139856339E+01
1.890820470E+01  2.055761528E+01
1.891478033E+01  2.044799232E+01
1.892135595E+01  2.090297890E+01
1.892793157E+01  1.953241730E+01
1.893450720E+01  1.943457794E+01
1.894108282E+01  1.970195961E+01
1.894765844E+01  1.932062531E+01
1.895423407E+01  1.823506737E+01
1.896080969E+01  1.845652962E+01
1.896738531E+01  1.828851128E+01
1.897396094E+01  1.854251862E+01
1.898053656E+01  1.698234940E+01
1.898711218E+01  1.613313484E+01
1.899368781E+01  1.559285069E+01
1.900026343E+01  1.582823467E+01
1.900683905E+01  1.498585987E+01
1.901341468E+01  1.423742104E+01
1.901999030E+01  1.378569317E+01
1.902656592E+01  1.485439587E+01
1.903314155E+01  1.426743126E+01
1.903971717E+01  1.334062576E+01
1.904629279E+01  1.331741428E+01
1.905286842E+01  1.470441818E+01
1.905944404E+01  1.570806026E+01
1.906601966E+01  1.575221062E+01
1.907259529E+01  1.541569519E+01
1.907917091E+01  1.623548508E+01
1.908574653E+01  1.664605141E+01
1.909232216E+01  1.649483490E+01
1.909889778E+01  1.463970947E+01
1.910547340E+01  1.300048542E+01
1.911204903E+01  1.240972710E+01
1.911862465E+01  1.278045177E+01
1.912520027E+01  1.341838169E+01
1.913177590E+01  1.406129932E+01
1.913835152E+01  1.551124859E+01
1.914492714E+01  1.505101109E+01
1.915150276E+01  1.549351788E+01
1.915807839E+01  1.514201927E+01
1.916465401E+01  1.546865368E+01
1.917122963E+01  1.585805321E+01
1.917780526E+01  1.583541870E+01
1.918438088E+01  1.634930420E+01
1.919095650E+01  1.656562614E+01
1.919753213E+01  1.589009762E+01
1.920410775E+01  1.598660755E+01
1.921068337E+01  1.570406532E+01
1.921725900E+01  1.543803883E+01
1.922383462E+01  1.370154572E+01
1.923041024E+01  1.352512455E+01
1.923698587E+01  1.470477009E+01
1.924356149E+01  1.588803482E+01
1.925013711E+01  1.672939110E+01
1.925671274E+01  1.773658180E+01
1.926328836E+01  1.890095711E+01
1.926986398E+01  1.890201187E+01
1.927643961E+01  1.760757256E+01
1.928301523E+01  1.639952660E+01
1.928959085E+01  1.477592278E+01
1.929616648E+01  1.368202114E+01
1.930274210E+01  1.267953968E+01
1.930931772E+01  1.151772594E+01
1.931589335E+01  9.534003258E+00
1.932246897E+01  7.163352013E+00
1.932904459E+01  5.378481865E+00
1.933562022E+01  5.404822826E+00
1.934219584E+01  4.554971695E+00
1.934877146E+01  1.577812672E+00
1.935534709E+01  9.567350894E-02
1.936192271E+01  -3.131676912E-01
1.936849833E+01  -1.207113147E+00
1.937507396E+01  -5.207877755E-01
1.938164958E+01  2.441001534E-01
1.938822520E+01  7.928635478E-01
1.939480083E+01  -2.292726636E-01
1.940137645E+01  -6.911699772E-01
1.940795207E+01  5.153186247E-02
1.941452770E+01  1.378012821E-02
1.942110332E+01  7.090610266E-01
1.942767894E+01  -1.331868116E-02
1.943425457E+01  -3.042058647E-01
1.944083019E+01  -7.071183994E-03
1.944740581E+01  1.042044982E-01
1.945398144E+01  -2.042268217E-01
1.946055706E+01  -2.523415387E-01
1.946713268E+01  5.710312724E-01
1.947370831E+01  -1.205412596E-01
1.948028393E+01  -2.073682994E-01
1.948685955E+01  1.206322759E-01
1.949343517E+01  -1.835866831E-02
