6.000256231E+00  -6.466960162E-02
6.006831854E+00  2.623480856E-01
6.013407478E+00  -1.713607758E-01
6.019983101E+00  -4.200272858E-01
6.026558724E+00  2.216692418E-01
6.033134347E+00  7.712441087E-01
6.039709971E+00  5.057387352E-01
6.046285594E+00  6.196567416E-01
6.052861217E+00  9.197791219E-01
6.059436840E+00  7.256871462E-01
6.066012464E+00  1.685945541E-01
6.072588087E+00  6.765577197E-02
6.079163710E+00  9.537918866E-02
6.085739334E+00  3.902995288E-01
6.092314957E+00  9.494337440E-02
6.098890580E+00  -3.961605430E-01
6.105466203E+00  -2.223985493E-01
6.112041827E+00  -2.058602720E-01
6.118617450E+00  1.135522872E-01
6.125193073E+00  -8.161378652E-02
6.131768696E+00  1.409274936E+00
6.138344320E+00  1.031352520E+00
6.144919943E+00  2.799196541E-01
6.151495566E+00  -5.176526904E-01
6.158071190E+00  -5.186954141E-01
6.164646813E+00  5.540870428E-01
6.171222436E+00  1.525593638E+00
6.177798059E+00  2.404469490E+00
6.184373683E+00  1.127869129E+00
6.190949306E+00  8.452816606E-01
6.197524929E+00  -8.315911889E-01
6.204100552E+00  -5.678019524E-01
6.210676176E+00  7.781761885E-01
6.217251799E+00  3.417304516E+00
6.223827422E+00  4.591384411E+00
6.230403045E+00  5.831348896E+00
6.236978669E+00  5.285794258E+00
6.243554292E+00  4.582314968E+00
6.250129915E+00  4.566278458E+00
6.256705539E+00  4.767564774E+00
6.263281162E+00  3.646485090E+00
6.269856785E+00  2.115682364E+00
6.276432408E+00  6.536846161E-01
6.283008032E+00  -4.427575469E-01
6.289583655E+00  6.339911819E-01
6.296159278E+00  3.847911358E-01
6.302734901E+00  5.585966706E-01
6.309310525E+00  4.917556942E-01
6.315886148E+00  4.256204367E-01
6.322461771E+00  3.845235407E-01
6.329037394E+00  1.117553473E+00
6.335613018E+00  1.521859050E+00
6.342188641E+00  2.410517931E+00
6.348764264E+00  2.989948988E+00
6.355339888E+00  3.114966869E+00
6.361915511E+00  1.767753124E+00
6.368491134E+00  1.569311261E+00
6.375066757E+00  1.303860903E+00
6.381642381E+00  1.205417156E+00
6.388218004E+00  9.975091219E-01
6.394793627E+00  -3.027419448E-01
6.401369250E+00  -8.130173683E-01
6.407944874E+00  -4.295798540E-01
6.414520497E+00  3.235760331E-01
6.421096120E+00  4.811740220E-01
6.427671743E+00  1.778881669E+00
6.434247367E+00  2.112649918E+00
6.440822990E+00  3.009024620E+00
6.447398613E+00  2.375484467E+00
6.453974237E+00  3.270316124E+00
6.460549860E+00  2.801658154E+00
6.467125483E+00  4.119092464E+00
6.473701106E+00  4.531975746E+00
6.480276730E+00  4.448112488E+00
6.486852353E+00  4.042924404E+00
6.493427976E+00  2.463564396E+00
6.500003599E+00  3.573579788E+00
6.506579223E+00  3.247893810E+00
6.513154846E+00  5.037426949E+00
6.519730469E+00  5.677727699E+00
6.526306092E+00  5.603460312E+00
6.532881716E+00  6.040045738E+00
6.539457339E+00  5.866777420E+00
6.546032962E+00  5.879827499E+00
6.552608586E+00  5.304997444E+00
6.559184209E+00  5.243312836E+00
6.565759832E+00  3.926659584E+00
6.572335455E+00  3.130630970E+00
6.578911079E+00  1.522660136E+00
6.585486702E+00  1.694466352E+00
6.592062325E+00  2.351226330E+00
6.598637948E+00  4.295905590E+00
6.605213572E+00  5.906745434E+00
6.611789195E+00  6.037603855E+00
6.618364818E+00  5.412187576E+00
6.624940441E+00  5.631333828E+00
6.631516065E+00  5.685904980E+00
6.638091688E+00  4.733369827E+00
6.644667311E+00  3.537231445E+00
6.651242935E+00  2.960424900E+00
6.657818558E+00  3.369366169E+00
6.664394181E+00  3.172534466E+00
6.670969804E+00  3.099541903E+00
6.677545428E+00  1.755845070E+00
6.684121051E+00  2.763400972E-01
6.690696674E+00  1.051227927E+00
6.697272297E+00  2.318336010E+00
6.703847921E+00  3.335275173E+00
6.710423544E+00  3.237873554E+00
6.716999167E+00  4.434008121E+00
6.723574790E+00  5.176630020E+00
6.730150414E+00  4.094059944E+00
6.736726037E+00  4.708801746E+00
6.743301660E+00  5.185354710E+00
6.749877284E+00  6.319956779E+00
6.756452907E+00  6.362114429E+00
6.763028530E+00  5.805602074E+00
6.769604153E+00  5.050800323E+00
6.776179777E+00  4.588506699E+00
6.782755400E+00  4.795563698E+00
6.789331023E+00  5.580827713E+00
6.795906646E+00  5.376590252E+00
6.802482270E+00  5.356812000E+00
6.809057893E+00  5.679769993E+00
6.815633516E+00  5.278315067E+00
6.822209139E+00  4.636218071E+00
6.828784763E+00  4.539616108E+00
6.835360386E+00  5.139016151E+00
6.841936009E+00  7.177555084E+00
6.848511633E+00  8.939489365E+00
6.855087256E+00  8.389602661E+00
6.861662879E+00  7.729124546E+00
6.868238502E+00  6.665519238E+00
6.874814126E+00  4.369048595E+00
6.881389749E+00  2.833390236E+00
6.887965372E+00  2.795092821E+00
6.894540995E+00  4.066612244E+00
6.901116619E+00  4.775837421E+00
6.907692242E+00  5.591703892E+00
6.914267865E+00  6.910983086E+00
6.920843488E+00  8.014554977E+00
6.927419112E+00  6.452437401E+00
6.933994735E+00  4.455666542E+00
6.940570358E+00  2.224148512E+00
6.947145982E+00  1.204012275E+00
6.953721605E+00  -4.382676482E-01
6.960297228E+00  -3.639681637E-01
6.966872851E+00  6.344101429E-01
6.973448475E+00  4.720006585E-01
6.980024098E+00  1.886059523E+00
6.986599721E+00  4.768958092E+00
6.993175344E+00  5.247265816E+00
6.999750968E+00  4.991057873E+00
7.006326591E+00  5.541041374E+00
7.012902214E+00  6.069766045E+00
7.019477837E+00  5.532483101E+00
7.026053461E+00  5.039195538E+00
7.032629084E+00  4.900537968E+00
7.039204707E+00  4.318192959E+00
7.045780331E+00  5.048939228E+00
7.052355954E+00  6.293802738E+00
7.058931577E+00  8.012989998E+00
7.065507200E+00  7.614361286E+00
7.072082824E+00  7.509584904E+00
7.078658447E+00  7.318238258E+00
7.085234070E+00  7.022112370E+00
7.091809693E+00  8.264537811E+00
7.098385317E+00  9.123831749E+00
7.104960940E+00  1.003079033E+01
7.111536563E+00  9.154936790E+00
7.118112186E+00  7.064688206E+00
7.124687810E+00  5.873860836E+00
7.131263433E+00  5.241195202E+00
7.137839056E+00  4.997323513E+00
7.144414680E+00  4.735117912E+00
7.150990303E+00  5.425914288E+00
7.157565926E+00  6.848721027E+00
7.164141549E+00  1.013222218E+01
7.170717173E+00  9.924219131E+00
7.177292796E+00  8.668484688E+00
7.183868419E+00  7.291785240E+00
7.190444042E+00  7.984635353E+00
7.197019666E+00  8.456668854E+00
7.203595289E+00  9.861926079E+00
7.210170912E+00  9.579607010E+00
7.216746535E+00  9.665723801E+00
7.223322159E+00  1.038971043E+01
7.229897782E+00  1.054983997E+01
7.236473405E+00  1.139264488E+01
7.243049029E+00  1.187364769E+01
7.249624652E+00  1.113292980E+01
7.256200275E+00  9.508796692E+00
7.262775898E+00  9.241371155E+00
7.269351522E+00  8.912039757E+00
7.275927145E+00  8.124594688E+00
7.282502768E+00  7.168310165E+00
7.289078391E+00  7.849479675E+00
7.295654015E+00  8.241411209E+00
7.302229638E+00  9.174168587E+00
7.308805261E+00  1.042891312E+01
7.315380884E+00  1.072715569E+01
7.321956508E+00  1.081621647E+01
7.328532131E+00  1.071727276E+01
7.335107754E+00  1.173757744E+01
7.341683378E+00  1.288208771E+01
7.348259001E+00  1.299849606E+01
7.354834624E+00  1.197743702E+01
7.361410247E+00  1.330328178E+01
7.367985871E+00  1.270112228E+01
7.374561494E+00  1.061725616E+01
7.381137117E+00  9.040973663E+00
7.387712740E+00  9.106134415E+00
7.394288364E+00  1.031383705E+01
7.400863987E+00  9.469437599E+00
7.407439610E+00  9.290959358E+00
7.414015233E+00  8.951094627E+00
7.420590857E+00  9.738824844E+00
7.427166480E+00  1.042808437E+01
7.433742103E+00  1.147062874E+01
7.440317727E+00  1.191253853E+01
7.446893350E+00  1.006169891E+01
7.453468973E+00  7.403807640E+00
7.460044596E+00  5.447587490E+00
7.466620220E+00  5.751629353E+00
7.473195843E+00  5.863348961E+00
7.479771466E+00  4.101201057E+00
7.486347089E+00  2.170877695E+00
7.492922713E+00  1.776622534E+00
7.499498336E+00  2.873656988E+00
7.506073959E+00  2.908888340E+00
7.512649582E+00  3.987886906E+00
7.519225206E+00  3.806511402E+00
7.525800829E+00  3.370132923E+00
7.532376452E+00  3.376922131E+00
7.538952076E+00  4.216371536E+00
7.545527699E+00  5.805221558E+00
7.552103322E+00  5.723193169E+00
7.558678945E+00  5.538175106E+00
7.565254569E+00  3.873600721E+00
7.571830192E+00  3.439204931E+00
7.578405815E+00  3.484146595E+00
7.584981438E+00  4.825330734E+00
7.591557062E+00  4.791256428E+00
7.598132685E+00  4.556982517E+00
7.604708308E+00  3.679291010E+00
7.611283931E+00  3.087904930E+00
7.617859555E+00  2.332569361E+00
7.624435178E+00  2.021051884E+00
7.631010801E+00  9.905412793E-01
7.637586425E+00  1.269987673E-01
7.644162048E+00  3.173213601E-01
7.650737671E+00  1.359514356E+00
7.657313294E+00  2.880188227E+00
7.663888918E+00  3.375591516E+00
7.670464541E+00  3.838091612E+00
7.677040164E+00  3.165860176E+00
7.683615787E+00  2.571091413E+00
7.690191411E+00  1.534119368E+00
7.696767034E+00  1.533412218E+00
7.703342657E+00  1.432414502E-01
7.709918281E+00  -4.814430475E-01
7.716493904E+00  -7.729719281E-01
7.723069527E+00  -5.590534806E-01
7.729645150E+00  6.437761784E-01
7.736220774E+00  7.409973145E-01
7.742796397E+00  6.841067225E-02
7.749372020E+00  -4.286626279E-01
7.755947643E+00  -7.486044168E-01
7.762523267E+00  -1.470220804E+00
7.769098890E+00  -1.418762565E+00
7.775674513E+00  -6.346807480E-01
7.782250136E+00  1.836326480E+00
7.788825760E+00  4.320746422E+00
7.795401383E+00  4.933256626E+00
7.801977006E+00  5.169976711E+00
7.808552630E+00  6.681404591E+00
7.815128253E+00  7.113712311E+00
7.821703876E+00  5.887052536E+00
7.828279499E+00  4.416738033E+00
7.834855123E+00  4.871039391E+00
7.841430746E+00  6.144315720E+00
7.848006369E+00  6.610420704E+00
7.854581992E+00  7.668097973E+00
7.861157616E+00  1.009106827E+01
7.867733239E+00  1.251288033E+01
7.874308862E+00  1.296645069E+01
7.880884485E+00  1.255544376E+01
7.887460109E+00  1.385464859E+01
7.894035732E+00  1.560675430E+01
7.900611355E+00  1.510808277E+01
7.907186979E+00  1.576864243E+01
7.913762602E+00  1.723371124E+01
7.920338225E+00  2.016898346E+01
7.926913848E+00  2.089338684E+01
7.933489472E+00  2.123308372E+01
7.940065095E+00  2.050194168E+01
7.946640718E+00  2.100495529E+01
7.953216341E+00  2.084489059E+01
7.959791965E+00  2.161466599E+01
7.966367588E+00  2.212929916E+01
7.972943211E+00  2.329212189E+01
7.979518834E+00  2.549810219E+01
7.986094458E+00  2.687457466E+01
7.992670081E+00  2.596924591E+01
7.999245704E+00  2.464130211E+01
8.005821328E+00  2.348378181E+01
8.012396951E+00  2.204234695E+01
8.018972574E+00  2.215071869E+01
8.025548197E+00  2.210355377E+01
8.032123821E+00  2.132489967E+01
8.038699444E+00  2.283499718E+01
8.045275067E+00  2.484990120E+01
8.051850690E+00  2.591526985E+01
8.058426314E+00  2.598303604E+01
8.065001937E+00  2.587966156E+01
8.071577560E+00  2.655029678E+01
8.078153183E+00  2.676726532E+01
8.084728807E+00  2.808613205E+01
8.091304430E+00  2.818358421E+01
8.097880053E+00  3.035353851E+01
8.104455677E+00  3.180302620E+01
8.111031300E+00  3.186021233E+01
8.117606923E+00  3.090651703E+01
8.124182546E+00  3.228872299E+01
8.130758170E+00  3.411096573E+01
8.137333793E+00  3.827428818E+01
8.143909416E+00  4.046197891E+01
8.150485039E+00  4.311370087E+01
8.157060663E+00  4.486688232E+01
8.163636286E+00  4.699275970E+01
8.170211909E+00  4.858386612E+01
8.176787532E+00  5.197688293E+01
8.183363156E+00  5.415351868E+01
8.189938779E+00  5.571168518E+01
8.196514402E+00  5.835134506E+01
8.203090026E+00  6.052586746E+01
8.209665649E+00  6.353187561E+01
8.216241272E+00  6.612301636E+01
8.222816895E+00  6.992546844E+01
8.229392519E+00  7.448972321E+01
8.235968142E+00  8.179885864E+01
8.242543765E+00  8.850829315E+01
8.249119388E+00  9.502587128E+01
8.255695012E+00  1.023326645E+02
8.262270635E+00  1.120737610E+02
8.268846258E+00  1.226808701E+02
8.275421881E+00  1.344377289E+02
8.281997505E+00  1.476885681E+02
8.288573128E+00  1.625252075E+02
8.295148751E+00  1.810125427E+02
8.301724375E+00  2.026476135E+02
8.308299998E+00  2.303927460E+02
8.314875621E+00  2.660144958E+02
8.321451244E+00  3.035278931E+02
8.328026868E+00  3.442634277E+02
8.334602491E+00  3.831394348E+02
8.341178114E+00  4.285679321E+02
8.347753737E+00  4.778812866E+02
8.354329361E+00  5.335159302E+02
8.360904984E+00  5.971588135E+02
8.367480607E+00  6.696510620E+02
8.374056230E+00  7.503207397E+02
8.380631854E+00  8.340802612E+02
8.387207477E+00  9.160009155E+02
8.393783100E+00  9.934175415E+02
8.400358724E+00  1.064305664E+03
8.406934347E+00  1.122388306E+03
8.413509970E+00  1.174203979E+03
8.420085593E+00  1.212069214E+03
8.426661217E+00  1.242557495E+03
8.433236840E+00  1.253219116E+03
8.439812463E+00  1.242106934E+03
8.446388086E+00  1.211579346E+03
8.452963710E+00  1.169023926E+03
8.459539333E+00  1.120588745E+03
8.466114956E+00  1.071499390E+03
8.472690579E+00  1.020263611E+03
8.479266203E+00  9.679030762E+02
8.485841826E+00  9.097073975E+02
8.492417449E+00  8.554244995E+02
8.498993073E+00  8.036454468E+02
8.505568696E+00  7.568311157E+02
8.512144319E+00  7.053619995E+02
8.518719942E+00  6.538728638E+02
8.525295566E+00  6.109238281E+02
8.531871189E+00  5.742796021E+02
8.538446812E+00  5.385945435E+02
8.545022435E+00  5.052372742E+02
8.551598059E+00  4.723440857E+02
8.558173682E+00  4.395239258E+02
8.564749305E+00  4.074481201E+02
8.571324928E+00  3.778559570E+02
8.577900552E+00  3.515911865E+02
8.584476175E+00  3.268060913E+02
8.591051798E+00  3.028210144E+02
8.597627422E+00  2.806163330E+02
8.604203045E+00  2.611500244E+02
8.610778668E+00  2.430191803E+02
8.617354291E+00  2.247154541E+02
8.623929915E+00  2.066303253E+02
8.630505538E+00  1.892315063E+02
8.637081161E+00  1.757527924E+02
8.643656784E+00  1.632658234E+02
8.650232408E+00  1.527343903E+02
8.656808031E+00  1.418560944E+02
8.663383654E+00  1.323490906E+02
8.669959277E+00  1.238861160E+02
8.676534901E+00  1.166022797E+02
8.683110524E+00  1.071244049E+02
8.689686147E+00  9.890744019E+01
8.696261771E+00  9.283406830E+01
8.702837394E+00  8.861215973E+01
8.709413017E+00  8.452040100E+01
8.715988640E+00  7.991705322E+01
8.722564264E+00  7.423657227E+01
8.729139887E+00  7.008332825E+01
8.735715510E+00  6.601189423E+01
8.742291133E+00  6.220917130E+01
8.748866757E+00  5.785571671E+01
8.755442380E+00  5.474586105E+01
8.762018003E+00  5.310559464E+01
8.768593626E+00  5.016431427E+01
8.775169250E+00  4.737653351E+01
8.781744873E+00  4.602733231E+01
8.788320496E+00  4.468011856E+01
8.794896120E+00  4.393785095E+01
8.801471743E+00  4.265887833E+01
8.808047366E+00  4.168103409E+01
8.814622989E+00  4.010681152E+01
8.821198613E+00  4.075110626E+01
8.827774236E+00  4.097423553E+01
8.834349859E+00  4.209695816E+01
8.840925482E+00  4.443662643E+01
8.847501106E+00  4.425102234E+01
8.854076729E+00  4.543660355E+01
8.860652352E+00  4.433953094E+01
8.867227975E+00  4.417462540E+01
8.873803599E+00  4.211470795E+01
8.880379222E+00  3.704793930E+01
8.886954845E+00  2.995036697E+01
8.893530469E+00  2.269891548E+01
8.900106092E+00  1.784433556E+01
8.906681715E+00  1.688562202E+01
8.913257338E+00  1.719187927E+01
8.919832962E+00  1.701258659E+01
8.926408585E+00  1.529985237E+01
8.932984208E+00  1.405998707E+01
8.939559831E+00  1.377829838E+01
8.946135455E+00  1.602310181E+01
8.952711078E+00  1.734366417E+01
8.959286701E+00  1.703046608E+01
8.965862324E+00  1.498091602E+01
8.972437948E+00  1.358412075E+01
8.979013571E+00  1.151531792E+01
8.985589194E+00  1.180423832E+01
8.992164818E+00  1.198011971E+01
8.998740441E+00  1.207611084E+01
9.005316064E+00  1.130113602E+01
9.011891687E+00  1.035387039E+01
9.018467311E+00  1.041736317E+01
9.025042934E+00  1.074009609E+01
9.031618557E+00  1.053685951E+01
9.038194180E+00  9.129379272E+00
9.044769804E+00  8.139192581E+00
9.051345427E+00  6.269378185E+00
9.057921050E+00  4.430052757E+00
9.064496673E+00  3.345788956E+00
9.071072297E+00  3.472609997E+00
9.077647920E+00  4.085879326E+00
9.084223543E+00  4.325223923E+00
9.090799167E+00  3.084181786E+00
9.097374790E+00  1.720652938E+00
9.103950413E+00  1.236585617E+00
9.110526036E+00  1.172996998E+00
9.117101660E+00  2.116320372E+00
9.123677283E+00  1.780925393E+00
9.130252906E+00  1.634117246E+00
9.136828529E+00  8.546331525E-01
9.143404153E+00  2.301880836E+00
9.149979776E+00  3.703926325E+00
9.156555399E+00  4.693626404E+00
9.163131022E+00  5.278356075E+00
9.169706646E+00  5.515787601E+00
9.176282269E+00  4.098853111E+00
9.182857892E+00  4.988556385E+00
9.189433516E+00  6.105865479E+00
9.196009139E+00  7.008472443E+00
9.202584762E+00  7.486006260E+00
9.209160385E+00  8.390599251E+00
9.215736009E+00  8.777025223E+00
9.222311632E+00  8.498885155E+00
9.228887255E+00  7.355098248E+00
9.235462878E+00  6.926809788E+00
9.242038502E+00  7.990969181E+00
9.248614125E+00  9.709778786E+00
9.255189748E+00  9.864583969E+00
9.261765372E+00  9.960362434E+00
9.268340995E+00  1.039076233E+01
9.274916618E+00  1.025548744E+01
9.281492241E+00  9.908636093E+00
9.288067865E+00  9.363972664E+00
9.294643488E+00  7.672856331E+00
9.301219111E+00  6.750416756E+00
9.307794734E+00  6.995179653E+00
9.314370358E+00  5.960940838E+00
9.320945981E+00  6.500812054E+00
9.327521604E+00  7.558722496E+00
9.334097227E+00  8.459459305E+00
9.340672851E+00  8.420384407E+00
9.347248474E+00  9.078291893E+00
9.353824097E+00  1.154409504E+01
9.360399721E+00  1.444432831E+01
9.366975344E+00  1.656079865E+01
9.373550967E+00  1.825978470E+01
9.380126590E+00  1.861898613E+01
9.386702214E+00  1.750467873E+01
9.393277837E+00  1.630120087E+01
9.399853460E+00  1.547052670E+01
9.406429083E+00  1.531642532E+01
9.413004707E+00  1.619491386E+01
9.419580330E+00  1.844247246E+01
9.426155953E+00  1.942293167E+01
9.432731576E+00  1.968517303E+01
9.439307200E+00  2.048511314E+01
9.445882823E+00  2.433257484E+01
9.452458446E+00  2.827546883E+01
9.459034070E+00  3.123719025E+01
9.465609693E+00  3.449758530E+01
9.472185316E+00  3.668170929E+01
9.478760939E+00  3.914900208E+01
9.485336563E+00  4.092833710E+01
9.491912186E+00  4.495092392E+01
9.498487809E+00  4.900345230E+01
9.505063432E+00  5.606840897E+01
9.511639056E+00  6.217907333E+01
9.518214679E+00  6.856841278E+01
9.524790302E+00  7.443183136E+01
9.531365925E+00  8.353939819E+01
9.537941549E+00  9.459482574E+01
9.544517172E+00  1.071118469E+02
9.551092795E+00  1.204548111E+02
9.557668419E+00  1.370344391E+02
9.564244042E+00  1.544801941E+02
9.570819665E+00  1.735690308E+02
9.577395288E+00  1.902707672E+02
9.583970912E+00  2.059331207E+02
9.590546535E+00  2.209448700E+02
9.597122158E+00  2.342123260E+02
9.603697781E+00  2.497483063E+02
9.610273405E+00  2.668682861E+02
9.616849028E+00  2.956817627E+02
9.623424651E+00  3.252132263E+02
9.630000274E+00  3.595945740E+02
9.636575898E+00  3.850265808E+02
9.643151521E+00  4.163682251E+02
9.649727144E+00  4.429159546E+02
9.656302768E+00  4.731176453E+02
9.662878391E+00  5.020831604E+02
9.669454014E+00  5.216236572E+02
9.676029637E+00  5.385170288E+02
9.682605261E+00  5.538844604E+02
9.689180884E+00  5.417889404E+02
9.695756507E+00  5.570382080E+02
9.702332130E+00  5.570502319E+02
9.708907754E+00  5.768836670E+02
9.715483377E+00  5.937783203E+02
9.722059000E+00  6.195120850E+02
9.728634623E+00  6.432421875E+02
9.735210247E+00  6.690888062E+02
9.741785870E+00  6.943102417E+02
9.748361493E+00  7.149597168E+02
9.754937117E+00  7.317116699E+02
9.761512740E+00  7.450430908E+02
9.768088363E+00  7.582133179E+02
9.774663986E+00  7.712554932E+02
9.781239610E+00  7.744479980E+02
9.787815233E+00  7.693605957E+02
9.794390856E+00  7.567272339E+02
9.800966479E+00  7.394473267E+02
9.807542103E+00  7.073835449E+02
9.814117726E+00  6.698021240E+02
9.820693349E+00  6.241878662E+02
9.827268972E+00  5.783410645E+02
9.833844596E+00  5.289705811E+02
9.840420219E+00  4.809256287E+02
9.846995842E+00  4.333125916E+02
9.853571466E+00  3.913184509E+02
9.860147089E+00  3.531390076E+02
9.866722712E+00  3.204739075E+02
9.873298335E+00  2.934071655E+02
9.879873959E+00  2.682140808E+02
9.886449582E+00  2.441368408E+02
9.893025205E+00  2.262330475E+02
9.899600828E+00  2.123947601E+02
9.906176452E+00  2.016922607E+02
9.912752075E+00  1.917456665E+02
9.919327698E+00  1.854118805E+02
9.925903321E+00  1.801840363E+02
9.932478945E+00  1.750362549E+02
9.939054568E+00  1.716247559E+02
9.945630191E+00  1.701795197E+02
9.952205815E+00  1.682937927E+02
9.958781438E+00  1.660984192E+02
9.965357061E+00  1.657379150E+02
9.971932684E+00  1.646571045E+02
9.978508308E+00  1.658037415E+02
9.985083931E+00  1.644204865E+02
9.991659554E+00  1.627724762E+02
9.998235177E+00  1.605130310E+02
1.000481080E+01  1.586641083E+02
1.001138642E+01  1.583248444E+02
1.001796205E+01  1.583385010E+02
1.002453767E+01  1.574423523E+02
1.003111329E+01  1.543292847E+02
1.003768892E+01  1.515066223E+02
1.004426454E+01  1.486818695E+02
1.005084016E+01  1.453701630E+02
1.005741579E+01  1.411530457E+02
1.006399141E+01  1.358317413E+02
1.007056703E+01  1.309106750E+02
1.007714266E+01  1.276065826E+02
1.008371828E+01  1.240996475E+02
1.009029390E+01  1.216305542E+02
1.009686953E+01  1.186211624E+02
1.010344515E+01  1.133477936E+02
1.011002077E+01  1.080726242E+02
1.011659640E+01  1.032921829E+02
1.012317202E+01  9.908749390E+01
1.012974764E+01  9.522705078E+01
1.013632327E+01  9.022983551E+01
1.014289889E+01  8.729696655E+01
1.014947451E+01  8.304164886E+01
1.015605014E+01  7.854974365E+01
1.016262576E+01  7.259315491E+01
1.016920138E+01  6.800382996E+01
1.017577701E+01  6.358197021E+01
1.018235263E+01  6.004671478E+01
1.018892825E+01  5.690822983E+01
1.019550388E+01  5.258535004E+01
1.020207950E+01  4.793832397E+01
1.020865512E+01  4.336938858E+01
1.021523075E+01  3.971583176E+01
1.022180637E+01  3.742626572E+01
1.022838199E+01  3.656649399E+01
1.023495762E+01  3.587955856E+01
1.024153324E+01  3.527744675E+01
1.024810886E+01  3.381521606E+01
1.025468448E+01  3.452447891E+01
1.026126011E+01  3.411214447E+01
1.026783573E+01  3.290719604E+01
1.027441135E+01  3.126888466E+01
1.028098698E+01  3.068879318E+01
1.028756260E+01  2.911504936E+01
1.029413822E+01  2.787663841E+01
1.030071385E+01  2.700470161E+01
1.030728947E+01  2.739512825E+01
1.031386509E+01  2.666598129E+01
1.032044072E+01  2.709597206E+01
1.032701634E+01  2.701606178E+01
1.033359196E+01  2.736512756E+01
1.034016759E+01  2.664943504E+01
1.034674321E+01  2.694508171E+01
1.035331883E+01  2.675589943E+01
1.035989446E+01  2.772782326E+01
1.036647008E+01  2.814546013E+01
1.037304570E+01  2.755709648E+01
1.037962133E+01  2.596854591E+01
1.038619695E+01  2.564392662E+01
1.039277257E+01  2.474872589E+01
1.039934820E+01  2.354365921E+01
1.040592382E+01  2.315174294E+01
1.041249944E+01  2.306416893E+01
1.041907507E+01  2.287808609E+01
1.042565069E+01  2.469308472E+01
1.043222631E+01  2.581530952E+01
1.043880194E+01  2.625695610E+01
1.044537756E+01  2.669526100E+01
1.045195318E+01  2.604379082E+01
1.045852881E+01  2.554716682E+01
1.046510443E+01  2.410381699E+01
1.047168005E+01  2.138463402E+01
1.047825568E+01  1.859028625E+01
1.048483130E+01  1.592779160E+01
1.049140692E+01  1.542252254E+01
1.049798255E+01  1.642894745E+01
1.050455817E+01  1.661647224E+01
1.051113379E+01  1.542451668E+01
1.051770942E+01  1.586378098E+01
1.052428504E+01  1.522816372E+01
1.053086066E+01  1.615139580E+01
1.053743629E+01  1.507775116E+01
1.054401191E+01  1.435188007E+01
1.055058753E+01  1.202008629E+01
1.055716316E+01  1.033813667E+01
1.056373878E+01  9.513444901E+00
1.057031440E+01  9.629880905E+00
1.057689002E+01  8.827944756E+00
1.058346565E+01  6.796463490E+00
1.059004127E+01  7.013805866E+00
1.059661689E+01  6.638992310E+00
1.060319252E+01  7.159157276E+00
1.060976814E+01  7.175683022E+00
1.061634376E+01  6.737206936E+00
1.062291939E+01  6.653585911E+00
1.062949501E+01  6.743946552E+00
1.063607063E+01  6.359630585E+00
1.064264626E+01  5.235762596E+00
1.064922188E+01  5.523473263E+00
1.065579750E+01  7.372423649E+00
1.066237313E+01  7.426407814E+00
1.066894875E+01  5.570914745E+00
1.067552437E+01  5.179709911E+00
1.068210000E+01  3.724212408E+00
1.068867562E+01  2.188534498E+00
1.069525124E+01  2.812647343E+00
1.070182687E+01  3.461521864E+00
1.070840249E+01  4.648079395E+00
1.071497811E+01  4.848623753E+00
1.072155374E+01  6.949617386E+00
1.072812936E+01  7.324345112E+00
1.073470498E+01  7.443266392E+00
1.074128061E+01  6.495107651E+00
1.074785623E+01  5.886379719E+00
1.075443185E+01  5.314616203E+00
1.076100748E+01  4.665839672E+00
1.076758310E+01  3.078524828E+00
1.077415872E+01  2.817624092E+00
1.078073435E+01  2.309235573E+00
1.078730997E+01  1.639140368E+00
1.079388559E+01  9.644230604E-01
1.080046122E+01  1.429977059E+00
1.080703684E+01  2.112352610E+00
1.081361246E+01  1.177960515E+00
1.082018809E+01  4.753572345E-01
1.082676371E+01  -1.129305005E+00
1.083333933E+01  -1.662434697E+00
1.083991496E+01  -1.772780418E-01
1.084649058E+01  1.310045838E+00
1.085306620E+01  3.300524950E+00
1.085964183E+01  4.736571312E+00
1.086621745E+01  5.615788937E+00
1.087279307E+01  4.779549599E+00
1.087936870E+01  4.953516960E+00
1.088594432E+01  4.912688255E+00
1.089251994E+01  4.384222507E+00
1.089909556E+01  3.056719542E+00
1.090567119E+01  3.329241514E+00
1.091224681E+01  3.122834921E+00
1.091882243E+01  3.729651690E+00
1.092539806E+01  4.074666977E+00
1.093197368E+01  4.362649918E+00
1.093854930E+01  4.596229553E+00
1.094512493E+01  4.325404644E+00
1.095170055E+01  4.803304672E+00
1.095827617E+01  6.656599998E+00
1.096485180E+01  7.435791969E+00
1.097142742E+01  8.886695862E+00
1.097800304E+01  8.072023392E+00
1.098457867E+01  7.171184063E+00
1.099115429E+01  5.817201614E+00
1.099772991E+01  4.966825485E+00
1.100430554E+01  4.737935543E+00
1.101088116E+01  5.542840004E+00
1.101745678E+01  6.010150433E+00
1.102403241E+01  5.754312515E+00
1.103060803E+01  6.240836620E+00
1.103718365E+01  6.943039417E+00
1.104375928E+01  6.539306164E+00
1.105033490E+01  6.556156635E+00
1.105691052E+01  5.731038570E+00
1.106348615E+01  5.393185616E+00
1.107006177E+01  5.000726700E+00
1.107663739E+01  6.493713379E+00
1.108321302E+01  7.507496834E+00
1.108978864E+01  7.156422615E+00
1.109636426E+01  7.683240891E+00
1.110293989E+01  7.770632267E+00
1.110951551E+01  7.399604797E+00
1.111609113E+01  6.855844021E+00
1.112266676E+01  7.621800423E+00
1.112924238E+01  8.608137131E+00
1.113581800E+01  8.156171799E+00
1.114239363E+01  6.994417191E+00
1.114896925E+01  6.194151878E+00
1.115554487E+01  6.027818203E+00
1.116212050E+01  6.715602875E+00
1.116869612E+01  7.323389053E+00
1.117527174E+01  6.371155739E+00
1.118184737E+01  5.826629162E+00
1.118842299E+01  6.416808128E+00
1.119499861E+01  8.258336067E+00
1.120157424E+01  9.991290092E+00
1.120814986E+01  1.163709259E+01
1.121472548E+01  1.123620701E+01
1.122130111E+01  1.156933212E+01
1.122787673E+01  1.121648026E+01
1.123445235E+01  1.230063438E+01
1.124102797E+01  1.183442783E+01
1.124760360E+01  1.042033958E+01
1.125417922E+01  8.888389587E+00
1.126075484E+01  8.266355515E+00
1.126733047E+01  8.672351837E+00
1.127390609E+01  9.679087639E+00
1.128048171E+01  1.068886375E+01
1.128705734E+01  1.249559212E+01
1.129363296E+01  1.471008301E+01
1.130020858E+01  1.556326866E+01
1.130678421E+01  1.477681255E+01
1.131335983E+01  1.225402451E+01
1.131993545E+01  1.026443005E+01
1.132651108E+01  9.277758598E+00
1.133308670E+01  8.460523605E+00
1.133966232E+01  9.375240326E+00
1.134623795E+01  1.040278912E+01
1.135281357E+01  1.122386265E+01
1.135938919E+01  1.102501774E+01
1.136596482E+01  1.267836380E+01
1.137254044E+01  1.442808628E+01
1.137911606E+01  1.432794571E+01
1.138569169E+01  1.343951893E+01
1.139226731E+01  1.554606819E+01
1.139884293E+01  1.698163986E+01
1.140541856E+01  1.702656937E+01
1.141199418E+01  1.567799759E+01
1.141856980E+01  1.561177349E+01
1.142514543E+01  1.411410046E+01
1.143172105E+01  1.384911346E+01
1.143829667E+01  1.504979515E+01
1.144487230E+01  1.624404907E+01
1.145144792E+01  1.571466064E+01
1.145802354E+01  1.518924046E+01
1.146459917E+01  1.538514233E+01
1.147117479E+01  1.524530506E+01
1.147775041E+01  1.581520176E+01
1.148432604E+01  1.715007019E+01
1.149090166E+01  1.923873901E+01
1.149747728E+01  2.250508881E+01
1.150405291E+01  2.290425110E+01
1.151062853E+01  2.186596107E+01
1.151720415E+01  2.044055176E+01
1.152377978E+01  2.063001442E+01
1.153035540E+01  2.152325439E+01
1.153693102E+01  2.118035507E+01
1.154350665E+01  2.141921425E+01
1.155008227E+01  2.155674744E+01
1.155665789E+01  2.090058708E+01
1.156323351E+01  2.008599663E+01
1.156980914E+01  2.092597580E+01
1.157638476E+01  2.252452850E+01
1.158296038E+01  2.173370743E+01
1.158953601E+01  2.182987404E+01
1.159611163E+01  2.262649918E+01
1.160268725E+01  2.299564171E+01
1.160926288E+01  2.262576675E+01
1.161583850E+01  2.215797424E+01
1.162241412E+01  2.149800491E+01
1.162898975E+01  2.152475166E+01
1.163556537E+01  2.010098648E+01
1.164214099E+01  1.948645592E+01
1.164871662E+01  1.868943787E+01
1.165529224E+01  1.959370613E+01
1.166186786E+01  2.042384720E+01
1.166844349E+01  2.140250015E+01
1.167501911E+01  2.471324158E+01
1.168159473E+01  2.574521637E+01
1.168817036E+01  2.504381943E+01
1.169474598E+01  2.340689278E+01
1.170132160E+01  2.263227844E+01
1.170789723E+01  2.143383789E+01
1.171447285E+01  2.069291306E+01
1.172104847E+01  2.040071678E+01
1.172762410E+01  1.979309082E+01
1.173419972E+01  1.769182014E+01
1.174077534E+01  1.704613113E+01
1.174735097E+01  1.642781830E+01
1.175392659E+01  1.834861565E+01
1.176050221E+01  1.914594650E+01
1.176707784E+01  1.759717751E+01
1.177365346E+01  1.620770645E+01
1.178022908E+01  1.689993095E+01
1.178680471E+01  1.765483665E+01
1.179338033E+01  1.765361786E+01
1.179995595E+01  1.710968781E+01
1.180653158E+01  1.538051414E+01
1.181310720E+01  1.505061150E+01
1.181968282E+01  1.487686253E+01
1.182625845E+01  1.528021240E+01
1.183283407E+01  1.550778198E+01
1.183940969E+01  1.722807884E+01
1.184598532E+01  1.840550613E+01
1.185256094E+01  2.080818558E+01
1.185913656E+01  2.168811798E+01
1.186571219E+01  2.089594460E+01
1.187228781E+01  2.082770920E+01
1.187886343E+01  2.025006294E+01
1.188543906E+01  1.917379761E+01
1.189201468E+01  1.868978119E+01
1.189859030E+01  1.840645981E+01
1.190516592E+01  1.832387161E+01
1.191174155E+01  1.754167366E+01
1.191831717E+01  1.637142372E+01
1.192489279E+01  1.586101246E+01
1.193146842E+01  1.661057091E+01
1.193804404E+01  1.791602898E+01
1.194461966E+01  1.766804123E+01
1.195119529E+01  1.696623993E+01
1.195777091E+01  1.561680031E+01
1.196434653E+01  1.589024925E+01
1.197092216E+01  1.578465080E+01
1.197749778E+01  1.639034843E+01
1.198407340E+01  1.741292191E+01
1.199064903E+01  1.976594925E+01
1.199722465E+01  2.111642838E+01
1.200380027E+01  2.164160919E+01
1.201037590E+01  2.105731010E+01
1.201695152E+01  2.038794136E+01
1.202352714E+01  2.045771980E+01
1.203010277E+01  2.166068077E+01
1.203667839E+01  2.181029320E+01
1.204325401E+01  2.206767845E+01
1.204982964E+01  2.085226250E+01
1.205640526E+01  2.096676826E+01
1.206298088E+01  1.968901443E+01
1.206955651E+01  1.917621803E+01
1.207613213E+01  1.902943802E+01
1.208270775E+01  2.021887970E+01
1.208928338E+01  2.021718597E+01
1.209585900E+01  2.054778290E+01
1.210243462E+01  2.025900459E+01
1.210901025E+01  1.929907990E+01
1.211558587E+01  1.867435265E+01
1.212216149E+01  1.737944412E+01
1.212873712E+01  1.775614548E+01
1.213531274E+01  1.802125549E+01
1.214188836E+01  1.825533485E+01
1.214846399E+01  1.890077209E+01
1.215503961E+01  1.940385818E+01
1.216161523E+01  1.892670822E+01
1.216819086E+01  1.970126534E+01
1.217476648E+01  2.060791016E+01
1.218134210E+01  2.145475960E+01
1.218791773E+01  2.296058083E+01
1.219449335E+01  2.275868797E+01
1.220106897E+01  2.175291061E+01
1.220764460E+01  2.175332642E+01
1.221422022E+01  2.246943092E+01
1.222079584E+01  2.298035049E+01
1.222737146E+01  2.302341461E+01
1.223394709E+01  2.446290588E+01
1.224052271E+01  2.605471420E+01
1.224709833E+01  2.660843658E+01
1.225367396E+01  2.578621101E+01
1.226024958E+01  2.476482391E+01
1.226682520E+01  2.443346786E+01
1.227340083E+01  2.566765976E+01
1.227997645E+01  2.722035789E+01
1.228655207E+01  2.818631744E+01
1.229312770E+01  2.970472527E+01
1.229970332E+01  2.865061188E+01
1.230627894E+01  3.087605095E+01
1.231285457E+01  3.053682899E+01
1.231943019E+01  3.154410362E+01
1.232600581E+01  3.230170059E+01
1.233258144E+01  3.248933411E+01
1.233915706E+01  3.198689461E+01
1.234573268E+01  3.309030151E+01
1.235230831E+01  3.329077911E+01
1.235888393E+01  3.364302063E+01
1.236545955E+01  3.372613907E+01
1.237203518E+01  3.419784927E+01
1.237861080E+01  3.561773300E+01
1.238518642E+01  3.861566544E+01
1.239176205E+01  4.003588867E+01
1.239833767E+01  4.095114899E+01
1.240491329E+01  4.173838806E+01
1.241148892E+01  4.354652786E+01
1.241806454E+01  4.510114288E+01
1.242464016E+01  4.608531952E+01
1.243121579E+01  4.705568695E+01
1.243779141E+01  4.767677307E+01
1.244436703E+01  4.873225403E+01
1.245094266E+01  4.898138809E+01
1.245751828E+01  4.939484787E+01
1.246409390E+01  5.130366898E+01
1.247066953E+01  5.304132080E+01
1.247724515E+01  5.408434296E+01
1.248382077E+01  5.436190796E+01
1.249039640E+01  5.345211029E+01
1.249697202E+01  5.264398956E+01
1.250354764E+01  5.140919876E+01
1.251012327E+01  5.097280502E+01
1.251669889E+01  4.982746124E+01
1.252327451E+01  4.842723846E+01
1.252985014E+01  4.841957855E+01
1.253642576E+01  4.803004074E+01
1.254300138E+01  4.862383652E+01
1.254957700E+01  4.710231018E+01
1.255615263E+01  4.644005203E+01
1.256272825E+01  4.803450012E+01
1.256930387E+01  4.766200638E+01
1.257587950E+01  4.801249695E+01
1.258245512E+01  4.806495667E+01
1.258903074E+01  4.908890533E+01
1.259560637E+01  4.794077682E+01
1.260218199E+01  4.786177063E+01
1.260875761E+01  4.784699631E+01
1.261533324E+01  4.716597748E+01
1.262190886E+01  4.568687057E+01
1.262848448E+01  4.446289825E+01
1.263506011E+01  4.467325211E+01
1.264163573E+01  4.358892441E+01
1.264821135E+01  4.359468460E+01
1.265478698E+01  4.374570465E+01
1.266136260E+01  4.472460175E+01
1.266793822E+01  4.447278595E+01
1.267451385E+01  4.550539398E+01
1.268108947E+01  4.531900787E+01
1.268766509E+01  4.524077988E+01
1.269424072E+01  4.527169037E+01
1.270081634E+01  4.655821609E+01
1.270739196E+01  4.786501694E+01
1.271396759E+01  4.858417511E+01
1.272054321E+01  4.735876083E+01
1.272711883E+01  4.786406708E+01
1.273369446E+01  4.984227371E+01
1.274027008E+01  5.102629471E+01
1.274684570E+01  5.140244675E+01
1.275342133E+01  5.233889008E+01
1.275999695E+01  5.248893356E+01
1.276657257E+01  5.327298737E+01
1.277314820E+01  5.437706757E+01
1.277972382E+01  5.543202591E+01
1.278629944E+01  5.425620270E+01
1.279287507E+01  5.181980133E+01
1.279945069E+01  4.886743164E+01
1.280602631E+01  4.731509018E+01
1.281260194E+01  4.765396500E+01
1.281917756E+01  4.868920898E+01
1.282575318E+01  4.865859604E+01
1.283232881E+01  4.940731049E+01
1.283890443E+01  4.926003647E+01
1.284548005E+01  4.954681778E+01
1.285205568E+01  4.912017059E+01
1.285863130E+01  4.900838470E+01
1.286520692E+01  4.760351562E+01
1.287178255E+01  4.555152893E+01
1.287835817E+01  4.406724167E+01
1.288493379E+01  4.148508453E+01
1.289150941E+01  4.000230408E+01
1.289808504E+01  3.920235443E+01
1.290466066E+01  4.008569336E+01
1.291123628E+01  4.041352463E+01
1.291781191E+01  4.142556381E+01
1.292438753E+01  4.086298752E+01
1.293096315E+01  3.844012833E+01
1.293753878E+01  3.544260025E+01
1.294411440E+01  3.388454056E+01
1.295069002E+01  3.252471161E+01
1.295726565E+01  3.086944389E+01
1.296384127E+01  2.924341965E+01
1.297041689E+01  2.632679749E+01
1.297699252E+01  2.498821449E+01
1.298356814E+01  2.415441322E+01
1.299014376E+01  2.483173370E+01
1.299671939E+01  2.476772118E+01
1.300329501E+01  2.470309639E+01
1.300987063E+01  2.516959000E+01
1.301644626E+01  2.554073715E+01
1.302302188E+01  2.498743820E+01
1.302959750E+01  2.526995087E+01
1.303617313E+01  2.475888634E+01
1.304274875E+01  2.357925415E+01
1.304932437E+01  2.251622009E+01
1.305590000E+01  2.135056305E+01
1.306247562E+01  2.063942337E+01
1.306905124E+01  2.050196266E+01
1.307562687E+01  2.106173706E+01
1.308220249E+01  2.018302536E+01
1.308877811E+01  2.131751060E+01
1.309535374E+01  2.240906906E+01
1.310192936E+01  2.334639931E+01
1.310850498E+01  2.241419601E+01
1.311508061E+01  2.203192711E+01
1.312165623E+01  1.930948639E+01
1.312823185E+01  1.804475594E+01
1.313480748E+01  1.735984230E+01
1.314138310E+01  1.756190681E+01
1.314795872E+01  1.762071228E+01
1.315453435E+01  1.649332809E+01
1.316110997E+01  1.585849762E+01
1.316768559E+01  1.408491135E+01
1.317426122E+01  1.397338772E+01
1.318083684E+01  1.512747860E+01
1.318741246E+01  1.539292526E+01
1.319398809E+01  1.473949051E+01
1.320056371E+01  1.321701622E+01
1.320713933E+01  1.230552006E+01
1.321371495E+01  1.111978436E+01
1.322029058E+01  1.035711288E+01
1.322686620E+01  9.622521400E+00
1.323344182E+01  8.966828346E+00
1.324001745E+01  8.245050430E+00
1.324659307E+01  7.993356705E+00
1.325316869E+01  6.323111534E+00
1.325974432E+01  6.448706627E+00
1.326631994E+01  5.851136208E+00
1.327289556E+01  6.072916031E+00
1.327947119E+01  5.254709244E+00
1.328604681E+01  4.819404125E+00
1.329262243E+01  3.917917013E+00
1.329919806E+01  4.445794106E+00
1.330577368E+01  4.775632858E+00
1.331234930E+01  5.242433548E+00
1.331892493E+01  3.629440069E+00
1.332550055E+01  3.451342106E+00
1.333207617E+01  2.702811003E+00
1.333865180E+01  2.877542734E+00
1.334522742E+01  4.487789154E+00
1.335180304E+01  6.963772297E+00
1.335837867E+01  8.607297897E+00
1.336495429E+01  8.943317413E+00
1.337152991E+01  7.974321842E+00
1.337810554E+01  8.572923660E+00
1.338468116E+01  9.178141594E+00
1.339125678E+01  9.334952354E+00
1.339783241E+01  8.571247101E+00
1.340440803E+01  8.084836960E+00
1.341098365E+01  9.702932358E+00
1.341755928E+01  1.209991264E+01
1.342413490E+01  1.360152531E+01
1.343071052E+01  1.508088398E+01
1.343728615E+01  1.653268433E+01
1.344386177E+01  1.855611610E+01
1.345043739E+01  2.028894615E+01
1.345701302E+01  2.099198723E+01
1.346358864E+01  2.259890938E+01
1.347016426E+01  2.337101173E+01
1.347673989E+01  2.507351112E+01
1.348331551E+01  2.570013237E+01
1.348989113E+01  2.868747711E+01
1.349646676E+01  3.149704552E+01
1.350304238E+01  3.531202316E+01
1.350961800E+01  3.981901169E+01
1.351619363E+01  4.219874954E+01
1.352276925E+01  4.416810989E+01
1.352934487E+01  4.706653214E+01
1.353592050E+01  5.135648346E+01
1.354249612E+01  5.507027435E+01
1.354907174E+01  5.984958267E+01
1.355564736E+01  6.491615295E+01
1.356222299E+01  7.049418640E+01
1.356879861E+01  7.692847443E+01
1.357537423E+01  8.410775757E+01
1.358194986E+01  9.088367462E+01
1.358852548E+01  9.720599365E+01
1.359510110E+01  1.028570023E+02
1.360167673E+01  1.084329529E+02
1.360825235E+01  1.138992462E+02
1.361482797E+01  1.204580765E+02
1.362140360E+01  1.275221100E+02
1.362797922E+01  1.365962677E+02
1.363455484E+01  1.441918488E+02
1.364113047E+01  1.519294739E+02
1.364770609E+01  1.602818909E+02
1.365428171E+01  1.690542755E+02
1.366085734E+01  1.791622162E+02
1.366743296E+01  1.897664032E+02
1.367400858E+01  1.996837616E+02
1.368058421E+01  2.097859039E+02
1.368715983E+01  2.199039001E+02
1.369373545E+01  2.306637878E+02
1.370031108E+01  2.403448792E+02
1.370688670E+01  2.510214081E+02
1.371346232E+01  2.611621399E+02
1.372003795E+01  2.767207336E+02
1.372661357E+01  2.909916687E+02
1.373318919E+01  3.077297668E+02
1.373976482E+01  3.210498657E+02
1.374634044E+01  3.315232239E+02
1.375291606E+01  3.397621460E+02
1.375949169E+01  3.480382080E+02
1.376606731E+01  3.584597473E+02
1.377264293E+01  3.662836304E+02
1.377921856E+01  3.659449463E+02
1.378579418E+01  3.645071411E+02
1.379236980E+01  3.635259399E+02
1.379894543E+01  3.611858521E+02
1.380552105E+01  3.528307190E+02
1.381209667E+01  3.475278625E+02
1.381867230E+01  3.439545288E+02
1.382524792E+01  3.427465210E+02
1.383182354E+01  3.400541992E+02
1.383839917E+01  3.379161682E+02
1.384497479E+01  3.348323975E+02
1.385155041E+01  3.307135620E+02
1.385812604E+01  3.262476196E+02
1.386470166E+01  3.209136047E+02
1.387127728E+01  3.138736267E+02
1.387785290E+01  3.094611816E+02
1.388442853E+01  3.035332031E+02
1.389100415E+01  2.965027771E+02
1.389757977E+01  2.870930481E+02
1.390415540E+01  2.806062622E+02
1.391073102E+01  2.754862366E+02
1.391730664E+01  2.703262634E+02
1.392388227E+01  2.637274170E+02
1.393045789E+01  2.552653351E+02
1.393703351E+01  2.482539978E+02
1.394360914E+01  2.414053192E+02
1.395018476E+01  2.339965973E+02
1.395676038E+01  2.252988586E+02
1.396333601E+01  2.181943817E+02
1.396991163E+01  2.114092407E+02
1.397648725E+01  2.058193970E+02
1.398306288E+01  2.000727539E+02
1.398963850E+01  1.944617920E+02
1.399621412E+01  1.892310944E+02
1.400278975E+01  1.832410126E+02
1.400936537E+01  1.767248993E+02
1.401594099E+01  1.713497162E+02
1.402251662E+01  1.664586792E+02
1.402909224E+01  1.612895660E+02
1.403566786E+01  1.565610809E+02
1.404224349E+01  1.529880219E+02
1.404881911E+01  1.478965149E+02
1.405539473E+01  1.438485413E+02
1.406197036E+01  1.408245087E+02
1.406854598E+01  1.386192932E+02
1.407512160E+01  1.350516815E+02
1.408169723E+01  1.302988739E+02
1.408827285E+01  1.252729263E+02
1.409484847E+01  1.201520004E+02
1.410142410E+01  1.164467850E+02
1.410799972E+01  1.119198990E+02
1.411457534E+01  1.092202225E+02
1.412115097E+01  1.057182922E+02
1.412772659E+01  1.022485123E+02
1.413430221E+01  9.877909088E+01
1.414087784E+01  9.570594025E+01
1.414745346E+01  9.258222961E+01
1.415402908E+01  9.016326141E+01
1.416060471E+01  8.656517029E+01
1.416718033E+01  8.285772705E+01
1.417375595E+01  7.930012512E+01
1.418033158E+01  7.578195190E+01
1.418690720E+01  7.383975983E+01
1.419348282E+01  7.054380035E+01
1.420005844E+01  6.629486847E+01
1.420663407E+01  6.334828568E+01
1.421320969E+01  6.161364365E+01
1.421978531E+01  5.882965088E+01
1.422636094E+01  5.367103958E+01
1.423293656E+01  5.012359238E+01
1.423951218E+01  4.696312332E+01
1.424608781E+01  4.609044647E+01
1.425266343E+01  4.478381729E+01
1.425923905E+01  4.332785034E+01
1.426581468E+01  4.148761368E+01
1.427239030E+01  3.998717117E+01
1.427896592E+01  3.933769989E+01
1.428554155E+01  3.780817795E+01
1.429211717E+01  3.496398163E+01
1.429869279E+01  3.192565918E+01
1.430526842E+01  2.956278419E+01
1.431184404E+01  2.686260414E+01
1.431841966E+01  2.547838402E+01
1.432499529E+01  2.391983986E+01
1.433157091E+01  2.288808441E+01
1.433814653E+01  2.100464821E+01
1.434472216E+01  2.084174347E+01
1.435129778E+01  2.016396523E+01
1.435787340E+01  1.944733429E+01
1.436444903E+01  1.729726601E+01
1.437102465E+01  1.515999603E+01
1.437760027E+01  1.461701298E+01
1.438417590E+01  1.433379078E+01
1.439075152E+01  1.271457195E+01
1.439732714E+01  1.142727089E+01
1.440390277E+01  1.013247681E+01
1.441047839E+01  8.434138298E+00
1.441705401E+01  8.709152222E+00
1.442362964E+01  8.476992607E+00
1.443020526E+01  8.663385391E+00
1.443678088E+01  8.125205040E+00
1.444335651E+01  7.883877754E+00
1.444993213E+01  7.112197399E+00
1.445650775E+01  6.983443737E+00
1.446308338E+01  6.028808117E+00
1.446965900E+01  5.429870129E+00
1.447623462E+01  4.766647816E+00
1.448281025E+01  4.816913128E+00
1.448938587E+01  5.086952209E+00
1.449596149E+01  5.727094650E+00
1.450253712E+01  6.832006454E+00
1.450911274E+01  7.008071423E+00
1.451568836E+01  6.267435551E+00
1.452226399E+01  4.963554382E+00
1.452883961E+01  4.531914234E+00
1.453541523E+01  4.581830502E+00
1.454199085E+01  5.526329041E+00
1.454856648E+01  5.542597771E+00
1.455514210E+01  5.833215237E+00
1.456171772E+01  5.515800476E+00
1.456829335E+01  4.920863628E+00
1.457486897E+01  4.371591568E+00
1.458144459E+01  4.191172600E+00
1.458802022E+01  3.857581615E+00
1.459459584E+01  4.446938992E+00
1.460117146E+01  5.151088715E+00
1.460774709E+01  5.758068562E+00
1.461432271E+01  5.986580849E+00
1.462089833E+01  6.604158401E+00
1.462747396E+01  7.704995155E+00
1.463404958E+01  9.152817726E+00
1.464062520E+01  8.983716965E+00
1.464720083E+01  7.658592224E+00
1.465377645E+01  6.138830662E+00
1.466035207E+01  3.927813292E+00
1.466692770E+01  2.504508972E+00
1.467350332E+01  3.142321825E+00
1.468007894E+01  3.422762394E+00
1.468665457E+01  3.295994520E+00
1.469323019E+01  3.149195910E+00
1.469980581E+01  3.781654119E+00
1.470638144E+01  6.078595161E+00
1.471295706E+01  6.909133911E+00
1.471953268E+01  8.930470467E+00
1.472610831E+01  9.938479424E+00
1.473268393E+01  1.080227566E+01
1.473925955E+01  1.037974739E+01
1.474583518E+01  1.132174969E+01
1.475241080E+01  1.180013466E+01
1.475898642E+01  1.132660007E+01
1.476556205E+01  9.757568359E+00
1.477213767E+01  9.359131813E+00
1.477871329E+01  8.887126923E+00
1.478528892E+01  8.471415520E+00
1.479186454E+01  7.645666599E+00
1.479844016E+01  6.785835266E+00
1.480501579E+01  7.620903969E+00
1.481159141E+01  9.049286842E+00
1.481816703E+01  1.001627541E+01
1.482474266E+01  1.060436440E+01
1.483131828E+01  9.835992813E+00
1.483789390E+01  9.250688553E+00
1.484446953E+01  9.360633850E+00
1.485104515E+01  1.048172379E+01
1.485762077E+01  1.023991013E+01
1.486419639E+01  9.862707138E+00
1.487077202E+01  9.271478653E+00
1.487734764E+01  8.130748749E+00
1.488392326E+01  6.936099529E+00
1.489049889E+01  7.598149776E+00
1.489707451E+01  7.574882984E+00
1.490365013E+01  7.574282646E+00
1.491022576E+01  7.005014896E+00
1.491680138E+01  6.801137447E+00
1.492337700E+01  7.681377411E+00
1.492995263E+01  9.826374054E+00
1.493652825E+01  1.083815670E+01
1.494310387E+01  1.209609509E+01
1.494967950E+01  1.230085278E+01
1.495625512E+01  1.231422424E+01
1.496283074E+01  1.085054493E+01
1.496940637E+01  9.493779182E+00
1.497598199E+01  8.833751678E+00
1.498255761E+01  9.787924767E+00
1.498913324E+01  1.067122364E+01
1.499570886E+01  1.081908035E+01
1.500228448E+01  1.102151966E+01
1.500886011E+01  1.165401554E+01
1.501543573E+01  1.171411228E+01
1.502201135E+01  1.189467049E+01
1.502858698E+01  1.157311916E+01
1.503516260E+01  1.178606892E+01
1.504173822E+01  1.212433147E+01
1.504831385E+01  1.248535728E+01
1.505488947E+01  1.186962795E+01
1.506146509E+01  1.133817196E+01
1.506804072E+01  1.192027760E+01
1.507461634E+01  1.187863636E+01
1.508119196E+01  1.239683437E+01
1.508776759E+01  1.203492737E+01
1.509434321E+01  1.077191353E+01
1.510091883E+01  9.425169945E+00
1.510749446E+01  9.118229866E+00
1.511407008E+01  9.005384445E+00
1.512064570E+01  8.408407211E+00
1.512722133E+01  7.593406677E+00
1.513379695E+01  7.893387794E+00
1.514037257E+01  8.270747185E+00
1.514694820E+01  8.364641190E+00
1.515352382E+01  7.445083141E+00
1.516009944E+01  6.860213280E+00
1.516667507E+01  5.421060562E+00
1.517325069E+01  5.205255508E+00
1.517982631E+01  6.295310974E+00
1.518640194E+01  7.949520588E+00
1.519297756E+01  8.479400635E+00
1.519955318E+01  8.537287712E+00
1.520612880E+01  8.471317291E+00
1.521270443E+01  8.181870461E+00
1.521928005E+01  7.984858036E+00
1.522585567E+01  7.166402817E+00
1.523243130E+01  7.278253555E+00
1.523900692E+01  7.943447113E+00
1.524558254E+01  8.394395828E+00
1.525215817E+01  9.985583305E+00
1.525873379E+01  1.018135452E+01
1.526530941E+01  1.047046947E+01
1.527188504E+01  1.029627991E+01
1.527846066E+01  9.946372986E+00
1.528503628E+01  1.005550766E+01
1.529161191E+01  1.047035599E+01
1.529818753E+01  9.643546104E+00
1.530476315E+01  8.690795898E+00
1.531133878E+01  8.589150429E+00
1.531791440E+01  8.782938957E+00
1.532449002E+01  8.775577545E+00
1.533106565E+01  8.392745972E+00
1.533764127E+01  8.305340767E+00
1.534421689E+01  8.392755508E+00
1.535079252E+01  8.569539070E+00
1.535736814E+01  9.077881813E+00
1.536394376E+01  8.542783737E+00
1.537051939E+01  8.917860985E+00
1.537709501E+01  9.177237511E+00
1.538367063E+01  9.179316521E+00
1.539024626E+01  8.231718063E+00
1.539682188E+01  1.029440975E+01
1.540339750E+01  1.120431042E+01
1.540997313E+01  1.123583984E+01
1.541654875E+01  1.094271374E+01
1.542312437E+01  1.163939285E+01
1.542970000E+01  1.219355679E+01
1.543627562E+01  1.178685188E+01
1.544285124E+01  1.141537571E+01
1.544942687E+01  1.094290352E+01
1.545600249E+01  8.522269249E+00
1.546257811E+01  7.851229668E+00
1.546915374E+01  7.457616329E+00
1.547572936E+01  7.442992210E+00
1.548230498E+01  7.534893990E+00
1.548888061E+01  6.599528313E+00
1.549545623E+01  7.147633076E+00
1.550203185E+01  7.228027821E+00
1.550860748E+01  7.367559433E+00
1.551518310E+01  6.842583179E+00
1.552175872E+01  7.257577896E+00
1.552833434E+01  8.224832535E+00
1.553490997E+01  7.627142906E+00
1.554148559E+01  8.032359123E+00
1.554806121E+01  7.011749744E+00
1.555463684E+01  6.748884201E+00
1.556121246E+01  6.964440346E+00
1.556778808E+01  6.516789913E+00
1.557436371E+01  5.311666012E+00
1.558093933E+01  3.878336668E+00
1.558751495E+01  3.682591438E+00
1.559409058E+01  4.379672527E+00
1.560066620E+01  4.785467148E+00
1.560724182E+01  3.984904528E+00
1.561381745E+01  3.785571098E+00
1.562039307E+01  4.903256416E+00
1.562696869E+01  5.857463360E+00
1.563354432E+01  4.373749733E+00
1.564011994E+01  3.944765806E+00
1.564669556E+01  3.104180098E+00
1.565327119E+01  2.787030697E+00
1.565984681E+01  2.371230364E+00
1.566642243E+01  3.167312622E+00
1.567299806E+01  3.667456150E+00
1.567957368E+01  4.565015316E+00
1.568614930E+01  4.690068722E+00
1.569272493E+01  3.999165535E+00
1.569930055E+01  3.013801098E+00
1.570587617E+01  2.193954468E+00
1.571245180E+01  7.544927597E-01
1.571902742E+01  -1.087524220E-01
1.572560304E+01  -1.237710118E-01
1.573217867E+01  -2.851475179E-01
1.573875429E+01  5.936931372E-01
1.574532991E+01  9.927903414E-01
1.575190554E+01  1.429300189E+00
1.575848116E+01  3.504370451E+00
1.576505678E+01  5.189273357E+00
1.577163241E+01  5.723355293E+00
1.577820803E+01  5.545675278E+00
1.578478365E+01  5.379969120E+00
1.579135928E+01  7.093043804E+00
1.579793490E+01  8.497513771E+00
1.580451052E+01  9.553462029E+00
1.581108615E+01  9.352322578E+00
1.581766177E+01  8.051941872E+00
1.582423739E+01  6.869252205E+00
1.583081302E+01  6.886425495E+00
1.583738864E+01  8.915129662E+00
1.584396426E+01  1.038324356E+01
1.585053988E+01  1.158291149E+01
1.585711551E+01  1.256408691E+01
1.586369113E+01  1.190309429E+01
1.587026675E+01  1.082225513E+01
1.587684238E+01  1.124115562E+01
1.588341800E+01  1.216971302E+01
1.588999362E+01  1.315104771E+01
1.589656925E+01  1.506274891E+01
1.590314487E+01  1.563592148E+01
1.590972049E+01  1.652891159E+01
1.591629612E+01  1.794547272E+01
1.592287174E+01  1.857275391E+01
1.592944736E+01  1.964037704E+01
1.593602299E+01  2.174221992E+01
1.594259861E+01  2.411717415E+01
1.594917423E+01  2.486008263E+01
1.595574986E+01  2.580406380E+01
1.596232548E+01  2.647803116E+01
1.596890110E+01  2.849634171E+01
1.597547673E+01  3.158125496E+01
1.598205235E+01  3.566938019E+01
1.598862797E+01  3.763775635E+01
1.599520360E+01  4.186926270E+01
1.600177922E+01  4.638594437E+01
1.600835484E+01  5.265808105E+01
1.601493047E+01  5.797820663E+01
1.602150609E+01  6.369794083E+01
1.602808171E+01  6.807074738E+01
1.603465734E+01  7.421971130E+01
1.604123296E+01  7.967173004E+01
1.604780858E+01  8.588583374E+01
1.605438421E+01  9.334593201E+01
1.606095983E+01  1.020779266E+02
1.606753545E+01  1.109470978E+02
1.607411108E+01  1.207791443E+02
1.608068670E+01  1.310443115E+02
1.608726232E+01  1.424071655E+02
1.609383795E+01  1.542959747E+02
1.610041357E+01  1.660437469E+02
1.610698919E+01  1.774503174E+02
1.611356482E+01  1.899839935E+02
1.612014044E+01  2.009914703E+02
1.612671606E+01  2.131417236E+02
1.613329169E+01  2.238879089E+02
1.613986731E+01  2.357432404E+02
1.614644293E+01  2.489875641E+02
1.615301856E+01  2.611707153E+02
1.615959418E+01  2.712644043E+02
1.616616980E+01  2.818302002E+02
1.617274543E+01  2.928437805E+02
1.617932105E+01  3.039008484E+02
1.618589667E+01  3.138696594E+02
1.619247229E+01  3.226018066E+02
1.619904792E+01  3.322526855E+02
1.620562354E+01  3.430522766E+02
1.621219916E+01  3.550001831E+02
1.621877479E+01  3.663865051E+02
1.622535041E+01  3.767899170E+02
1.623192603E+01  3.887393494E+02
1.623850166E+01  3.992470093E+02
1.624507728E+01  4.073999634E+02
1.625165290E+01  4.135126648E+02
1.625822853E+01  4.178947754E+02
1.626480415E+01  4.207001953E+02
1.627137977E+01  4.197541504E+02
1.627795540E+01  4.153389893E+02
1.628453102E+01  4.078150635E+02
1.629110664E+01  3.961253662E+02
1.629768227E+01  3.832997131E+02
1.630425789E+01  3.658723145E+02
1.631083351E+01  3.477548828E+02
1.631740914E+01  3.271861877E+02
1.632398476E+01  3.096980591E+02
1.633056038E+01  2.957416992E+02
1.633713601E+01  2.848102722E+02
1.634371163E+01  2.730439453E+02
1.635028725E+01  2.608680725E+02
1.635686288E+01  2.495726776E+02
1.636343850E+01  2.393247833E+02
1.637001412E+01  2.289329834E+02
1.637658975E+01  2.178963165E+02
1.638316537E+01  2.072665253E+02
1.638974099E+01  1.981085510E+02
1.639631662E+01  1.896757965E+02
1.640289224E+01  1.800014801E+02
1.640946786E+01  1.709200439E+02
1.641604349E+01  1.610315704E+02
1.642261911E+01  1.531949158E+02
1.642919473E+01  1.447260132E+02
1.643577036E+01  1.363318329E+02
1.644234598E+01  1.284459686E+02
1.644892160E+01  1.207744370E+02
1.645549723E+01  1.130520935E+02
1.646207285E+01  1.065899429E+02
1.646864847E+01  9.891629028E+01
1.647522410E+01  9.263804626E+01
1.648179972E+01  8.586993408E+01
1.648837534E+01  8.089270782E+01
1.649495097E+01  7.619413757E+01
1.650152659E+01  7.198856354E+01
1.650810221E+01  6.768907166E+01
1.651467783E+01  6.262817383E+01
1.652125346E+01  5.919208527E+01
1.652782908E+01  5.434663391E+01
1.653440470E+01  5.112697220E+01
1.654098033E+01  4.805995560E+01
1.654755595E+01  4.639999390E+01
1.655413157E+01  4.396202469E+01
1.656070720E+01  4.184372330E+01
1.656728282E+01  4.006706619E+01
1.657385844E+01  3.921019363E+01
1.658043407E+01  3.711442947E+01
1.658700969E+01  3.655077744E+01
1.659358531E+01  3.632980347E+01
1.660016094E+01  3.617222214E+01
1.660673656E+01  3.575529480E+01
1.661331218E+01  3.695939636E+01
1.661988781E+01  3.894519043E+01
1.662646343E+01  3.959402466E+01
1.663303905E+01  3.913882065E+01
1.663961468E+01  4.043797302E+01
1.664619030E+01  4.094558334E+01
1.665276592E+01  4.175979614E+01
1.665934155E+01  4.381663513E+01
1.666591717E+01  4.647741318E+01
1.667249279E+01  4.802336884E+01
1.667906842E+01  5.022058868E+01
1.668564404E+01  5.311982727E+01
1.669221966E+01  5.543444061E+01
1.669879529E+01  5.825813675E+01
1.670537091E+01  6.183257675E+01
1.671194653E+01  6.288623428E+01
1.671852216E+01  6.456163788E+01
1.672509778E+01  6.570248413E+01
1.673167340E+01  6.851184845E+01
1.673824903E+01  7.022062683E+01
1.674482465E+01  7.202748108E+01
1.675140027E+01  7.431761169E+01
1.675797590E+01  7.836731720E+01
1.676455152E+01  8.104177094E+01
1.677112714E+01  8.375397491E+01
1.677770277E+01  8.767477417E+01
1.678427839E+01  9.144374847E+01
1.679085401E+01  9.324343109E+01
1.679742964E+01  9.685697937E+01
1.680400526E+01  1.013414383E+02
1.681058088E+01  1.059496918E+02
1.681715651E+01  1.087676010E+02
1.682373213E+01  1.101813431E+02
1.683030775E+01  1.117670288E+02
1.683688338E+01  1.134069366E+02
1.684345900E+01  1.150126343E+02
1.685003462E+01  1.164668884E+02
1.685661024E+01  1.178448486E+02
1.686318587E+01  1.205576096E+02
1.686976149E+01  1.232052307E+02
1.687633711E+01  1.269639435E+02
1.688291274E+01  1.298464050E+02
1.688948836E+01  1.321470490E+02
1.689606398E+01  1.352627869E+02
1.690263961E+01  1.403903809E+02
1.690921523E+01  1.450122528E+02
1.691579085E+01  1.489672089E+02
1.692236648E+01  1.504056396E+02
1.692894210E+01  1.510447998E+02
1.693551772E+01  1.501566467E+02
1.694209335E+01  1.487113647E+02
1.694866897E+01  1.455575562E+02
1.695524459E+01  1.406448975E+02
1.696182022E+01  1.342595062E+02
1.696839584E+01  1.274120712E+02
1.697497146E+01  1.209697495E+02
1.698154709E+01  1.151102371E+02
1.698812271E+01  1.090805588E+02
1.699469833E+01  1.049724503E+02
1.700127396E+01  1.014772644E+02
1.700784958E+01  9.976877594E+01
1.701442520E+01  9.753979492E+01
1.702100083E+01  9.486689758E+01
1.702757645E+01  9.038380432E+01
1.703415207E+01  8.775011444E+01
1.704072770E+01  8.342129517E+01
1.704730332E+01  8.060478973E+01
1.705387894E+01  7.795139313E+01
1.706045457E+01  7.595417023E+01
1.706703019E+01  7.410765839E+01
1.707360581E+01  7.230775452E+01
1.708018144E+01  6.960709381E+01
1.708675706E+01  6.664182281E+01
1.709333268E+01  6.315499496E+01
1.709990831E+01  5.967679977E+01
1.710648393E+01  5.739072800E+01
1.711305955E+01  5.446075821E+01
1.711963518E+01  5.066902542E+01
1.712621080E+01  4.740655518E+01
1.713278642E+01  4.437102509E+01
1.713936205E+01  4.304281998E+01
1.714593767E+01  4.177783203E+01
1.715251329E+01  4.120147705E+01
1.715908892E+01  4.034836578E+01
1.716566454E+01  3.815935516E+01
1.717224016E+01  3.539562225E+01
1.717881578E+01  3.317235947E+01
1.718539141E+01  3.111500740E+01
1.719196703E+01  2.898720169E+01
1.719854265E+01  2.668197441E+01
1.720511828E+01  2.606257439E+01
1.721169390E+01  2.466901398E+01
1.721826952E+01  2.288651848E+01
1.722484515E+01  2.105685997E+01
1.723142077E+01  1.966341209E+01
1.723799639E+01  1.696298218E+01
1.724457202E+01  1.572263336E+01
1.725114764E+01  1.551460075E+01
1.725772326E+01  1.688914490E+01
1.726429889E+01  1.758938789E+01
1.727087451E+01  1.696831703E+01
1.727745013E+01  1.557763958E+01
1.728402576E+01  1.477569771E+01
1.729060138E+01  1.403850174E+01
1.729717700E+01  1.411695671E+01
1.730375263E+01  1.290502644E+01
1.731032825E+01  1.096902847E+01
1.731690387E+01  9.702907562E+00
1.732347950E+01  9.314568520E+00
1.733005512E+01  8.561707497E+00
1.733663074E+01  8.123402596E+00
1.734320637E+01  7.292981625E+00
1.734978199E+01  6.529780388E+00
1.735635761E+01  6.577308655E+00
1.736293324E+01  6.380732536E+00
1.736950886E+01  5.223102570E+00
1.737608448E+01  5.198016167E+00
1.738266011E+01  5.075336933E+00
1.738923573E+01  4.536063194E+00
1.739581135E+01  3.551721573E+00
1.740238698E+01  2.797455072E+00
1.740896260E+01  3.567064762E+00
1.741553822E+01  3.218811035E+00
1.742211385E+01  4.163696766E+00
1.742868947E+01  4.811758041E+00
1.743526509E+01  4.210737705E+00
1.744184072E+01  2.020695448E+00
1.744841634E+01  2.786583602E-01
1.745499196E+01  -2.268673033E-01
1.746156759E+01  -3.001327515E-01
1.746814321E+01  6.301156282E-01
1.747471883E+01  2.177628756E+00
1.748129446E+01  2.031858683E+00
1.748787008E+01  1.428172946E+00
1.749444570E+01  1.109280705E+00
1.750102132E+01  1.815954804E+00
1.750759695E+01  2.289472342E+00
1.751417257E+01  2.965461731E+00
1.752074819E+01  3.138452291E+00
1.752732382E+01  3.380818129E+00
1.753389944E+01  4.405570030E+00
1.754047506E+01  5.486763477E+00
1.754705069E+01  7.021020889E+00
1.755362631E+01  8.345398903E+00
1.756020193E+01  7.830163956E+00
1.756677756E+01  7.229371071E+00
1.757335318E+01  6.458696842E+00
1.757992880E+01  4.133523464E+00
1.758650443E+01  2.542079926E+00
1.759308005E+01  1.537042260E+00
1.759965567E+01  2.389046907E+00
1.760623130E+01  3.846748114E+00
1.761280692E+01  5.001562595E+00
1.761938254E+01  5.460519314E+00
1.762595817E+01  6.016180992E+00
1.763253379E+01  6.317539692E+00
1.763910941E+01  6.294335842E+00
1.764568504E+01  6.075512886E+00
1.765226066E+01  6.005818367E+00
1.765883628E+01  5.690239429E+00
1.766541191E+01  6.100447655E+00
1.767198753E+01  6.841402054E+00
1.767856315E+01  7.611309528E+00
1.768513878E+01  9.009245872E+00
1.769171440E+01  9.223630905E+00
1.769829002E+01  1.008985043E+01
1.770486565E+01  8.964767456E+00
1.771144127E+01  8.809731483E+00
1.771801689E+01  1.004263496E+01
1.772459252E+01  1.092218876E+01
1.773116814E+01  1.167536640E+01
1.773774376E+01  1.163901043E+01
1.774431939E+01  1.193023968E+01
1.775089501E+01  1.200163174E+01
1.775747063E+01  1.228135872E+01
1.776404626E+01  1.274349976E+01
1.777062188E+01  1.334261703E+01
1.777719750E+01  1.319343758E+01
1.778377313E+01  1.227545261E+01
1.779034875E+01  1.244657898E+01
1.779692437E+01  1.250322914E+01
1.780350000E+01  1.371887493E+01
1.781007562E+01  1.374444580E+01
1.781665124E+01  1.452336121E+01
1.782322687E+01  1.488430595E+01
1.782980249E+01  1.479025078E+01
1.783637811E+01  1.587312031E+01
1.784295373E+01  1.560810757E+01
1.784952936E+01  1.443769264E+01
1.785610498E+01  1.408316803E+01
1.786268060E+01  1.390693855E+01
1.786925623E+01  1.481730461E+01
1.787583185E+01  1.458047295E+01
1.788240747E+01  1.438549709E+01
1.788898310E+01  1.481106758E+01
1.789555872E+01  1.560530090E+01
1.790213434E+01  1.547040462E+01
1.790870997E+01  1.597868824E+01
1.791528559E+01  1.601739120E+01
1.792186121E+01  1.624913025E+01
1.792843684E+01  1.594832134E+01
1.793501246E+01  1.541768932E+01
1.794158808E+01  1.503074551E+01
1.794816371E+01  1.487680721E+01
1.795473933E+01  1.550074863E+01
1.796131495E+01  1.587418842E+01
1.796789058E+01  1.665331078E+01
1.797446620E+01  1.791176796E+01
1.798104182E+01  1.865680885E+01
1.798761745E+01  1.898600388E+01
1.799419307E+01  1.800718307E+01
1.800076869E+01  1.680278587E+01
1.800734432E+01  1.683660316E+01
1.801391994E+01  1.674577713E+01
1.802049556E+01  1.857614517E+01
1.802707119E+01  2.013722801E+01
1.803364681E+01  2.106864166E+01
1.804022243E+01  2.084106636E+01
1.804679806E+01  1.943984795E+01
1.805337368E+01  1.919946861E+01
1.805994930E+01  1.956282043E+01
1.806652493E+01  2.039566994E+01
1.807310055E+01  2.079719353E+01
1.807967617E+01  2.057800484E+01
1.808625180E+01  2.144082069E+01
1.809282742E+01  2.234179115E+01
1.809940304E+01  2.235083771E+01
1.810597867E+01  2.223271370E+01
1.811255429E+01  2.152512932E+01
1.811912991E+01  2.046158791E+01
1.812570554E+01  1.955538177E+01
1.813228116E+01  1.956442451E+01
1.813885678E+01  2.015238571E+01
1.814543241E+01  2.085206223E+01
1.815200803E+01  2.099555397E+01
1.815858365E+01  2.082950020E+01
1.816515927E+01  1.988079262E+01
1.817173490E+01  1.981009483E+01
1.817831052E+01  1.996262550E+01
1.818488614E+01  2.029686165E+01
1.819146177E+01  2.099392128E+01
1.819803739E+01  2.202787018E+01
1.820461301E+01  2.246211433E+01
1.821118864E+01  2.230877495E+01
1.821776426E+01  2.222010231E+01
1.822433988E+01  2.189325142E+01
1.823091551E+01  2.251121902E+01
1.823749113E+01  2.241958809E+01
1.824406675E+01  2.142977142E+01
1.825064238E+01  2.130484009E+01
1.825721800E+01  2.135230637E+01
1.826379362E+01  2.108380127E+01
1.827036925E+01  2.038302994E+01
1.827694487E+01  1.970403862E+01
1.828352049E+01  1.979092407E+01
1.829009612E+01  1.984825706E+01
1.829667174E+01  1.865484619E+01
1.830324736E+01  1.767604828E+01
1.830982299E+01  1.732108879E+01
1.831639861E+01  1.795380783E+01
1.832297423E+01  1.871149826E+01
1.832954986E+01  1.963528252E+01
1.833612548E+01  1.961541367E+01
1.834270110E+01  1.961345100E+01
1.834927673E+01  1.916761589E+01
1.835585235E+01  1.961203384E+01
1.836242797E+01  2.014361572E+01
1.836900360E+01  2.006864929E+01
1.837557922E+01  1.887064743E+01
1.838215484E+01  1.809073067E+01
1.838873047E+01  1.776413918E+01
1.839530609E+01  1.746905899E+01
1.840188171E+01  1.789058113E+01
1.840845734E+01  1.864101982E+01
1.841503296E+01  1.914710808E+01
1.842160858E+01  1.938047791E+01
1.842818421E+01  1.895774651E+01
1.843475983E+01  1.963955307E+01
1.844133545E+01  2.109325027E+01
1.844791108E+01  2.109456825E+01
1.845448670E+01  2.088650894E+01
1.846106232E+01  1.995034409E+01
1.846763795E+01  1.954371262E+01
1.847421357E+01  1.874798203E+01
1.848078919E+01  1.776318359E+01
1.848736482E+01  1.626982689E+01
1.849394044E+01  1.550069714E+01
1.850051606E+01  1.556457329E+01
1.850709168E+01  1.612495613E+01
1.851366731E+01  1.570133400E+01
1.852024293E+01  1.570337391E+01
1.852681855E+01  1.588354683E+01
1.853339418E+01  1.630588722E+01
1.853996980E+01  1.613309860E+01
1.854654542E+01  1.615095711E+01
1.855312105E+01  1.641822433E+01
1.855969667E+01  1.618850136E+01
1.856627229E+01  1.554596996E+01
1.857284792E+01  1.622472382E+01
1.857942354E+01  1.739293480E+01
1.858599916E+01  1.653419876E+01
1.859257479E+01  1.584009266E+01
1.859915041E+01  1.538254452E+01
1.860572603E+01  1.666850471E+01
1.861230166E+01  1.701640320E+01
1.861887728E+01  1.698437500E+01
1.862545290E+01  1.736194992E+01
1.863202853E+01  1.741321373E+01
1.863860415E+01  1.728941536E+01
1.864517977E+01  1.616128349E+01
1.865175540E+01  1.597197247E+01
1.865833102E+01  1.609379578E+01
1.866490664E+01  1.681164169E+01
1.867148227E+01  1.771213913E+01
1.867805789E+01  1.897420502E+01
1.868463351E+01  1.935830116E+01
1.869120914E+01  1.990225792E+01
1.869778476E+01  1.996766853E+01
1.870436038E+01  1.922037315E+01
1.871093601E+01  1.950545883E+01
1.871751163E+01  1.953234100E+01
1.872408725E+01  1.924633598E+01
1.873066288E+01  1.887798500E+01
1.873723850E+01  1.894159126E+01
1.874381412E+01  1.812144279E+01
1.875038975E+01  1.728840637E+01
1.875696537E+01  1.659317970E+01
1.876354099E+01  1.651070786E+01
1.877011662E+01  1.689876747E+01
1.877669224E+01  1.720936584E+01
1.878326786E+01  1.832906342E+01
1.878984349E+01  1.854574394E+01
1.879641911E+01  1.786452484E+01
1.880299473E+01  1.758878517E+01
1.880957036E+01  1.663314438E+01
1.881614598E+01  1.596047401E+01
1.882272160E+01  1.694565010E+01
1.882929722E+01  1.620710182E+01
1.883587285E+01  1.612000465E+01
1.884244847E+01  1.561853504E+01
1.884902409E+01  1.452107906E+01
1.885559972E+01  1.422215462E+01
1.886217534E+01  1.379692554E+01
1.886875096E+01  1.399683666E+01
1.887532659E+01  1.457630157E+01
1.888190221E+01  1.402515602E+01
1.888847783E+01  1.335676861E+01
1.889505346E+01  1.285025120E+01
1.890162908E+01  1.243817425E+01
1.890820470E+01  1.209817886E+01
1.891478033E+01  1.221674442E+01
1.892135595E+01  1.099787712E+01
1.892793157E+01  1.104805279E+01
1.893450720E+01  1.095382786E+01
1.894108282E+01  1.070758724E+01
1.894765844E+01  9.817363739E+00
1.895423407E+01  9.253571510E+00
1.896080969E+01  9.220928192E+00
1.896738531E+01  8.666708946E+00
1.897396094E+01  9.684507370E+00
1.898053656E+01  8.835494995E+00
1.898711218E+01  8.739695549E+00
1.899368781E+01  7.239554882E+00
1.900026343E+01  6.694859982E+00
1.900683905E+01  6.241554260E+00
1.901341468E+01  6.381130219E+00
1.901999030E+01  5.929903030E+00
1.902656592E+01  5.255899429E+00
1.903314155E+01  4.897588253E+00
1.903971717E+01  5.322758198E+00
1.904629279E+01  5.547255039E+00
1.905286842E+01  6.815235615E+00
1.905944404E+01  6.474233150E+00
1.906601966E+01  6.463966370E+00
1.907259529E+01  6.924754620E+00
1.907917091E+01  7.267810345E+00
1.908574653E+01  6.076063633E+00
1.909232216E+01  5.021065235E+00
1.909889778E+01  3.537668943E+00
1.910547340E+01  3.051910162E+00
1.911204903E+01  3.358771563E+00
1.911862465E+01  4.185979843E+00
1.912520027E+01  4.242677689E+00
1.913177590E+01  5.130430698E+00
1.913835152E+01  5.413457394E+00
1.914492714E+01  5.350542068E+00
1.915150276E+01  6.150948048E+00
1.915807839E+01  6.201601982E+00
1.916465401E+01  6.222089291E+00
1.917122963E+01  5.990525723E+00
1.917780526E+01  5.785301685E+00
1.918438088E+01  6.434271336E+00
1.919095650E+01  5.894698620E+00
1.919753213E+01  5.036758423E+00
1.920410775E+01  5.299991608E+00
1.921068337E+01  5.756350517E+00
1.921725900E+01  7.066134930E+00
1.922383462E+01  7.706180573E+00
1.923041024E+01  9.238853455E+00
1.923698587E+01  1.002274895E+01
1.924356149E+01  9.805087090E+00
1.925013711E+01  8.612879753E+00
1.925671274E+01  8.295023918E+00
1.926328836E+01  7.990373611E+00
1.926986398E+01  6.852982044E+00
1.927643961E+01  6.560539722E+00
1.928301523E+01  5.810235500E+00
1.928959085E+01  5.847998619E+00
1.929616648E+01  6.860223293E+00
1.930274210E+01  6.491530418E+00
1.930931772E+01  7.172425270E+00
1.931589335E+01  6.426413059E+00
1.932246897E+01  5.444684982E+00
1.932904459E+01  3.976171494E+00
1.933562022E+01  2.677909136E+00
1.934219584E+01  1.881787300E+00
1.934877146E+01  1.522985458E+00
1.935534709E+01  1.010406256E+00
1.936192271E+01  4.057757556E-01
1.936849833E+01  -5.333871841E-01
1.937507396E+01  -8.330811858E-01
1.938164958E+01  -6.725102067E-01
1.938822520E+01  -6.921920180E-01
1.939480083E+01  -3.919234499E-02
1.940137645E+01  6.071979403E-01
1.940795207E+01  8.548604250E-01
1.941452770E+01  5.879949406E-02
1.942110332E+01  2.764123976E-01
1.942767894E+01  -4.039874375E-01
1.943425457E+01  -7.827478647E-01
1.944083019E+01  -1.136149615E-01
1.944740581E+01  6.974136233E-01
1.945398144E+01  1.126166806E-01
1.946055706E+01  -2.794033289E-01
1.946713268E+01  6.429164112E-02
1.947370831E+01  5.953632761E-03
1.948028393E+01  -7.312624156E-02
1.948685955E+01  6.550926715E-02
1.949343517E+01  -1.575538702E-02
