6.000256231E+00  -4.968572408E-02
6.006831854E+00  2.062345296E-01
6.013407478E+00  -1.685645729E-01
6.019983101E+00  -2.408832908E-01
6.026558724E+00  2.438094020E-01
6.033134347E+00  -4.396151379E-02
6.039709971E+00  5.021770000E-01
6.046285594E+00  -1.652158499E-01
6.052861217E+00  -4.682400525E-01
6.059436840E+00  -3.667939305E-01
6.066012464E+00  3.719884157E-01
6.072588087E+00  8.512325883E-01
6.079163710E+00  9.334143400E-01
6.085739334E+00  8.070790768E-01
6.092314957E+00  4.690600336E-01
6.098890580E+00  -6.510028988E-02
6.105466203E+00  -2.264272720E-01
6.112041827E+00  1.239772290E-01
6.118617450E+00  -5.326569080E-01
6.125193073E+00  -1.893927455E-01
6.131768696E+00  5.563252568E-01
6.138344320E+00  1.228698015E+00
6.144919943E+00  1.410207272E+00
6.151495566E+00  1.810259342E+00
6.158071190E+00  1.288751960E+00
6.164646813E+00  1.537358880E+00
6.171222436E+00  2.268857956E+00
6.177798059E+00  2.886978149E+00
6.184373683E+00  2.093717813E+00
6.190949306E+00  7.278202176E-01
6.197524929E+00  1.738150269E-01
6.204100552E+00  1.072652936E+00
6.210676176E+00  1.083048344E+00
6.217251799E+00  9.814481139E-01
6.223827422E+00  9.354093075E-01
6.230403045E+00  1.485824704E+00
6.236978669E+00  1.384987712E+00
6.243554292E+00  1.540006876E+00
6.250129915E+00  1.540310740E+00
6.256705539E+00  2.058033228E+00
6.263281162E+00  2.747225285E+00
6.269856785E+00  2.857918739E+00
6.276432408E+00  2.349444628E+00
6.283008032E+00  2.294231653E+00
6.289583655E+00  6.963464022E-01
6.296159278E+00  -7.596168518E-01
6.302734901E+00  -1.865474463E+00
6.309310525E+00  -7.013879716E-02
6.315886148E+00  1.802289128E+00
6.322461771E+00  4.049959183E+00
6.329037394E+00  5.021835804E+00
6.335613018E+00  5.700052261E+00
6.342188641E+00  4.697061062E+00
6.348764264E+00  3.302105427E+00
6.355339888E+00  2.328735590E+00
6.361915511E+00  2.762150764E+00
6.368491134E+00  3.305497408E+00
6.375066757E+00  2.548994780E+00
6.381642381E+00  1.441339016E+00
6.388218004E+00  2.311177969E+00
6.394793627E+00  3.331481695E+00
6.401369250E+00  3.260298729E+00
6.407944874E+00  2.968878031E+00
6.414520497E+00  3.578932762E+00
6.421096120E+00  3.973931074E+00
6.427671743E+00  3.906337261E+00
6.434247367E+00  3.768178225E+00
6.440822990E+00  3.060826063E+00
6.447398613E+00  3.019070864E+00
6.453974237E+00  2.729323387E+00
6.460549860E+00  1.705821395E+00
6.467125483E+00  1.156275511E+00
6.473701106E+00  1.483838320E+00
6.480276730E+00  2.143799782E+00
6.486852353E+00  2.899445534E+00
6.493427976E+00  2.763945341E+00
6.500003599E+00  4.485691547E+00
6.506579223E+00  4.432806492E+00
6.513154846E+00  4.090679646E+00
6.519730469E+00  3.549988270E+00
6.526306092E+00  4.397297382E+00
6.532881716E+00  4.542678833E+00
6.539457339E+00  5.375695705E+00
6.546032962E+00  4.287845612E+00
6.552608586E+00  3.789000511E+00
6.559184209E+00  3.571600676E+00
6.565759832E+00  3.376124859E+00
6.572335455E+00  4.040886402E+00
6.578911079E+00  4.822342396E+00
6.585486702E+00  5.055248260E+00
6.592062325E+00  4.909738541E+00
6.598637948E+00  5.675514221E+00
6.605213572E+00  5.425908566E+00
6.611789195E+00  4.920241833E+00
6.618364818E+00  6.176097393E+00
6.624940441E+00  7.489349842E+00
6.631516065E+00  8.321144104E+00
6.638091688E+00  7.979788780E+00
6.644667311E+00  7.424969196E+00
6.651242935E+00  7.438655853E+00
6.657818558E+00  7.539177418E+00
6.664394181E+00  6.976100445E+00
6.670969804E+00  6.618176937E+00
6.677545428E+00  5.915995598E+00
6.684121051E+00  5.239628315E+00
6.690696674E+00  3.899140120E+00
6.697272297E+00  3.204401970E+00
6.703847921E+00  2.539792776E+00
6.710423544E+00  1.691099524E+00
6.716999167E+00  9.924818277E-01
6.723574790E+00  9.832031131E-01
6.730150414E+00  1.437054873E-01
6.736726037E+00  3.575144410E-01
6.743301660E+00  -7.924879342E-02
6.749877284E+00  5.101412535E-01
6.756452907E+00  1.515119821E-01
6.763028530E+00  2.671486437E-01
6.769604153E+00  5.957100987E-01
6.776179777E+00  3.799684942E-01
6.782755400E+00  6.871024519E-02
6.789331023E+00  1.603356004E+00
6.795906646E+00  3.299064398E+00
6.802482270E+00  3.759040356E+00
6.809057893E+00  4.112576008E+00
6.815633516E+00  4.842203617E+00
6.822209139E+00  3.231455088E+00
6.828784763E+00  2.389283180E+00
6.835360386E+00  1.442452073E+00
6.841936009E+00  3.850973129E+00
6.848511633E+00  4.558016300E+00
6.855087256E+00  4.753344059E+00
6.861662879E+00  4.592801094E+00
6.868238502E+00  4.049151421E+00
6.874814126E+00  2.423310757E+00
6.881389749E+00  3.008171082E+00
6.887965372E+00  2.743875980E+00
6.894540995E+00  2.960984945E+00
6.901116619E+00  2.551128149E+00
6.907692242E+00  2.189172506E+00
6.914267865E+00  3.128384590E+00
6.920843488E+00  4.494860172E+00
6.927419112E+00  5.511152744E+00
6.933994735E+00  6.830250740E+00
6.940570358E+00  6.986744881E+00
6.947145982E+00  6.157807350E+00
6.953721605E+00  5.627295494E+00
6.960297228E+00  5.145122051E+00
6.966872851E+00  4.311037064E+00
6.973448475E+00  1.813880920E+00
6.980024098E+00  1.260925531E+00
6.986599721E+00  1.024306178E+00
6.993175344E+00  1.345999479E+00
6.999750968E+00  -1.756057590E-01
7.006326591E+00  1.016098261E+00
7.012902214E+00  1.439845443E+00
7.019477837E+00  1.800618768E+00
7.026053461E+00  1.559478283E+00
7.032629084E+00  2.605195761E+00
7.039204707E+00  3.199816465E+00
7.045780331E+00  3.770900726E+00
7.052355954E+00  3.645416975E+00
7.058931577E+00  4.067326069E+00
7.065507200E+00  5.363358498E+00
7.072082824E+00  5.625150681E+00
7.078658447E+00  5.177997589E+00
7.085234070E+00  4.464407444E+00
7.091809693E+00  4.088778973E+00
7.098385317E+00  3.042506456E+00
7.104960940E+00  2.137084484E+00
7.111536563E+00  1.392783880E+00
7.118112186E+00  1.418045282E+00
7.124687810E+00  1.825738549E+00
7.131263433E+00  3.057379484E+00
7.137839056E+00  3.010569096E+00
7.144414680E+00  4.072679996E+00
7.150990303E+00  3.205082178E+00
7.157565926E+00  4.124288082E+00
7.164141549E+00  3.185738087E+00
7.170717173E+00  2.908450127E+00
7.177292796E+00  3.652261734E+00
7.183868419E+00  5.176416397E+00
7.190444042E+00  6.741853237E+00
7.197019666E+00  6.106561184E+00
7.203595289E+00  6.372010708E+00
7.210170912E+00  6.897212029E+00
7.216746535E+00  6.903202057E+00
7.223322159E+00  6.751364708E+00
7.229897782E+00  6.097234249E+00
7.236473405E+00  5.478388309E+00
7.243049029E+00  3.377435684E+00
7.249624652E+00  7.027292252E-01
7.256200275E+00  5.710850954E-01
7.262775898E+00  1.378097653E+00
7.269351522E+00  1.810594678E+00
7.275927145E+00  2.505334139E+00
7.282502768E+00  3.986510038E+00
7.289078391E+00  4.159409523E+00
7.295654015E+00  4.440791607E+00
7.302229638E+00  4.774273396E+00
7.308805261E+00  4.914272308E+00
7.315380884E+00  6.039536953E+00
7.321956508E+00  6.631327629E+00
7.328532131E+00  6.348663807E+00
7.335107754E+00  6.267343521E+00
7.341683378E+00  5.490297794E+00
7.348259001E+00  4.480844021E+00
7.354834624E+00  4.320990562E+00
7.361410247E+00  4.634774208E+00
7.367985871E+00  5.574589252E+00
7.374561494E+00  6.252824783E+00
7.381137117E+00  5.632487774E+00
7.387712740E+00  5.449561596E+00
7.394288364E+00  4.049915314E+00
7.400863987E+00  4.309219360E+00
7.407439610E+00  4.775028229E+00
7.414015233E+00  5.753687382E+00
7.420590857E+00  6.070091248E+00
7.427166480E+00  6.277148247E+00
7.433742103E+00  5.771005630E+00
7.440317727E+00  5.514187336E+00
7.446893350E+00  5.864685535E+00
7.453468973E+00  5.097928047E+00
7.460044596E+00  3.272005558E+00
7.466620220E+00  7.706318498E-01
7.473195843E+00  2.865403593E-01
7.479771466E+00  4.830987751E-01
7.486347089E+00  1.164717197E+00
7.492922713E+00  1.652334213E+00
7.499498336E+00  1.831756711E+00
7.506073959E+00  8.440897465E-01
7.512649582E+00  -7.580103874E-01
7.519225206E+00  -1.088946819E+00
7.525800829E+00  -3.955137730E-02
7.532376452E+00  5.617879033E-01
7.538952076E+00  6.180799007E-01
7.545527699E+00  1.039617181E+00
7.552103322E+00  1.357266784E+00
7.558678945E+00  1.851874471E+00
7.565254569E+00  2.195876598E+00
7.571830192E+00  2.880558014E+00
7.578405815E+00  2.760496378E+00
7.584981438E+00  3.521834612E+00
7.591557062E+00  3.595868349E+00
7.598132685E+00  2.962765217E+00
7.604708308E+00  2.788296461E+00
7.611283931E+00  3.210954666E+00
7.617859555E+00  3.051925182E+00
7.624435178E+00  4.398588657E+00
7.631010801E+00  4.304237366E+00
7.637586425E+00  3.780267000E+00
7.644162048E+00  1.338174343E+00
7.650737671E+00  -3.468647599E-01
7.657313294E+00  -2.310993671E+00
7.663888918E+00  -2.196693420E+00
7.670464541E+00  -8.748542070E-01
7.677040164E+00  1.270007342E-01
7.683615787E+00  1.264848232E+00
7.690191411E+00  1.402965188E+00
7.696767034E+00  1.436969995E+00
7.703342657E+00  2.405931056E-01
7.709918281E+00  2.584426105E-01
7.716493904E+00  -1.287698448E-01
7.723069527E+00  -2.018946856E-01
7.729645150E+00  4.945951402E-01
7.736220774E+00  1.460699320E+00
7.742796397E+00  2.413242817E+00
7.749372020E+00  3.379127741E+00
7.755947643E+00  4.310555458E+00
7.762523267E+00  4.731991768E+00
7.769098890E+00  4.919352531E+00
7.775674513E+00  6.129978180E+00
7.782250136E+00  7.777915001E+00
7.788825760E+00  9.316232681E+00
7.795401383E+00  9.905960083E+00
7.801977006E+00  1.080426788E+01
7.808552630E+00  1.128437519E+01
7.815128253E+00  1.188457775E+01
7.821703876E+00  1.401224327E+01
7.828279499E+00  1.537203217E+01
7.834855123E+00  1.461921692E+01
7.841430746E+00  1.353595066E+01
7.848006369E+00  1.205910015E+01
7.854581992E+00  1.237936687E+01
7.861157616E+00  1.263220882E+01
7.867733239E+00  1.303016853E+01
7.874308862E+00  1.342976761E+01
7.880884485E+00  1.323971939E+01
7.887460109E+00  1.363528442E+01
7.894035732E+00  1.408123112E+01
7.900611355E+00  1.393339729E+01
7.907186979E+00  1.339524555E+01
7.913762602E+00  1.278153801E+01
7.920338225E+00  1.228836060E+01
7.926913848E+00  1.131295872E+01
7.933489472E+00  1.100696278E+01
7.940065095E+00  1.126516247E+01
7.946640718E+00  1.095451927E+01
7.953216341E+00  1.240245152E+01
7.959791965E+00  1.248765850E+01
7.966367588E+00  1.342284107E+01
7.972943211E+00  1.374933624E+01
7.979518834E+00  1.348066998E+01
7.986094458E+00  1.302541542E+01
7.992670081E+00  1.297576618E+01
7.999245704E+00  1.183996487E+01
8.005821328E+00  1.163018799E+01
8.012396951E+00  9.894775391E+00
8.018972574E+00  8.899385452E+00
8.025548197E+00  8.176792145E+00
8.032123821E+00  7.541049957E+00
8.038699444E+00  8.328700066E+00
8.045275067E+00  8.791835785E+00
8.051850690E+00  9.119092941E+00
8.058426314E+00  9.404402733E+00
8.065001937E+00  1.071241379E+01
8.071577560E+00  1.187585258E+01
8.078153183E+00  1.220890141E+01
8.084728807E+00  1.307115936E+01
8.091304430E+00  1.465377045E+01
8.097880053E+00  1.681828690E+01
8.104455677E+00  1.788963890E+01
8.111031300E+00  1.905212402E+01
8.117606923E+00  1.908524513E+01
8.124182546E+00  2.074554634E+01
8.130758170E+00  2.199707413E+01
8.137333793E+00  2.380581665E+01
8.143909416E+00  2.455376053E+01
8.150485039E+00  2.593097878E+01
8.157060663E+00  2.790779686E+01
8.163636286E+00  3.017083549E+01
8.170211909E+00  3.206684875E+01
8.176787532E+00  3.456854630E+01
8.183363156E+00  3.742401505E+01
8.189938779E+00  4.051218033E+01
8.196514402E+00  4.489603806E+01
8.203090026E+00  5.123377609E+01
8.209665649E+00  5.725437546E+01
8.216241272E+00  6.245438385E+01
8.222816895E+00  6.756568909E+01
8.229392519E+00  7.219272614E+01
8.235968142E+00  7.893650818E+01
8.242543765E+00  8.680039215E+01
8.249119388E+00  9.535072327E+01
8.255695012E+00  1.033252182E+02
8.262270635E+00  1.125724564E+02
8.268846258E+00  1.219234238E+02
8.275421881E+00  1.333092346E+02
8.281997505E+00  1.466609650E+02
8.288573128E+00  1.615806580E+02
8.295148751E+00  1.782743073E+02
8.301724375E+00  2.004489441E+02
8.308299998E+00  2.246953735E+02
8.314875621E+00  2.559799042E+02
8.321451244E+00  2.867947388E+02
8.328026868E+00  3.167810059E+02
8.334602491E+00  3.397107239E+02
8.341178114E+00  3.607192078E+02
8.347753737E+00  3.814622498E+02
8.354329361E+00  4.007333679E+02
8.360904984E+00  4.168373413E+02
8.367480607E+00  4.308890076E+02
8.374056230E+00  4.434665833E+02
8.380631854E+00  4.513303833E+02
8.387207477E+00  4.565816345E+02
8.393783100E+00  4.587936096E+02
8.400358724E+00  4.572711487E+02
8.406934347E+00  4.547321167E+02
8.413509970E+00  4.536336670E+02
8.420085593E+00  4.492170715E+02
8.426661217E+00  4.466386719E+02
8.433236840E+00  4.393619690E+02
8.439812463E+00  4.363103638E+02
8.446388086E+00  4.319194946E+02
8.452963710E+00  4.287270203E+02
8.459539333E+00  4.237642212E+02
8.466114956E+00  4.182035828E+02
8.472690579E+00  4.109479065E+02
8.479266203E+00  4.036080933E+02
8.485841826E+00  3.947617798E+02
8.492417449E+00  3.862684021E+02
8.498993073E+00  3.767377930E+02
8.505568696E+00  3.672246399E+02
8.512144319E+00  3.566014709E+02
8.518719942E+00  3.466588135E+02
8.525295566E+00  3.349156799E+02
8.531871189E+00  3.226010437E+02
8.538446812E+00  3.109199524E+02
8.545022435E+00  2.991584473E+02
8.551598059E+00  2.873111572E+02
8.558173682E+00  2.750274353E+02
8.564749305E+00  2.626851196E+02
8.571324928E+00  2.492954559E+02
8.577900552E+00  2.352670441E+02
8.584476175E+00  2.232980652E+02
8.591051798E+00  2.126697388E+02
8.597627422E+00  2.031227417E+02
8.604203045E+00  1.940447235E+02
8.610778668E+00  1.857579193E+02
8.617354291E+00  1.762901001E+02
8.623929915E+00  1.667970428E+02
8.630505538E+00  1.568709869E+02
8.637081161E+00  1.469757843E+02
8.643656784E+00  1.378291931E+02
8.650232408E+00  1.297876740E+02
8.656808031E+00  1.219371490E+02
8.663383654E+00  1.147297897E+02
8.669959277E+00  1.075098343E+02
8.676534901E+00  1.013490906E+02
8.683110524E+00  9.583888245E+01
8.689686147E+00  9.149633026E+01
8.696261771E+00  8.622528076E+01
8.702837394E+00  7.986413574E+01
8.709413017E+00  7.365219879E+01
8.715988640E+00  7.030239868E+01
8.722564264E+00  6.615559387E+01
8.729139887E+00  6.209756470E+01
8.735715510E+00  5.770989609E+01
8.742291133E+00  5.323872375E+01
8.748866757E+00  4.957470322E+01
8.755442380E+00  4.665341949E+01
8.762018003E+00  4.463457489E+01
8.768593626E+00  4.345618057E+01
8.775169250E+00  4.274082565E+01
8.781744873E+00  4.019409180E+01
8.788320496E+00  3.923591995E+01
8.794896120E+00  3.756065369E+01
8.801471743E+00  3.608480835E+01
8.808047366E+00  3.500125122E+01
8.814622989E+00  3.537638855E+01
8.821198613E+00  3.464234161E+01
8.827774236E+00  3.375661087E+01
8.834349859E+00  3.298041153E+01
8.840925482E+00  3.241040421E+01
8.847501106E+00  3.157097626E+01
8.854076729E+00  3.052020264E+01
8.860652352E+00  3.136351967E+01
8.867227975E+00  3.172393990E+01
8.873803599E+00  3.220299149E+01
8.880379222E+00  3.078256798E+01
8.886954845E+00  3.009837341E+01
8.893530469E+00  2.914695168E+01
8.900106092E+00  2.831498146E+01
8.906681715E+00  2.872840118E+01
8.913257338E+00  2.820456123E+01
8.919832962E+00  2.720826721E+01
8.926408585E+00  2.633714294E+01
8.932984208E+00  2.785483360E+01
8.939559831E+00  2.946492577E+01
8.946135455E+00  3.100089073E+01
8.952711078E+00  3.107404137E+01
8.959286701E+00  3.131570816E+01
8.965862324E+00  3.054912567E+01
8.972437948E+00  2.969469452E+01
8.979013571E+00  2.875632095E+01
8.985589194E+00  2.800500488E+01
8.992164818E+00  2.707600403E+01
8.998740441E+00  2.537216377E+01
9.005316064E+00  2.482904434E+01
9.011891687E+00  2.424012375E+01
9.018467311E+00  2.527973747E+01
9.025042934E+00  2.496256065E+01
9.031618557E+00  2.467631721E+01
9.038194180E+00  2.202015686E+01
9.044769804E+00  2.047751236E+01
9.051345427E+00  1.959577942E+01
9.057921050E+00  1.944042206E+01
9.064496673E+00  1.870874214E+01
9.071072297E+00  1.771669388E+01
9.077647920E+00  1.664009285E+01
9.084223543E+00  1.675339127E+01
9.090799167E+00  1.629050636E+01
9.097374790E+00  1.639502716E+01
9.103950413E+00  1.746103096E+01
9.110526036E+00  1.793043709E+01
9.117101660E+00  1.779595184E+01
9.123677283E+00  1.740525436E+01
9.130252906E+00  1.816119957E+01
9.136828529E+00  1.861117363E+01
9.143404153E+00  1.863214302E+01
9.149979776E+00  1.804052925E+01
9.156555399E+00  1.755363274E+01
9.163131022E+00  1.742390060E+01
9.169706646E+00  1.709860611E+01
9.176282269E+00  1.666222763E+01
9.182857892E+00  1.723781586E+01
9.189433516E+00  1.832829666E+01
9.196009139E+00  1.992195511E+01
9.202584762E+00  2.019701004E+01
9.209160385E+00  1.974232292E+01
9.215736009E+00  1.792849922E+01
9.222311632E+00  1.674186134E+01
9.228887255E+00  1.554763794E+01
9.235462878E+00  1.371008396E+01
9.242038502E+00  1.324921608E+01
9.248614125E+00  1.445067596E+01
9.255189748E+00  1.421143532E+01
9.261765372E+00  1.284204197E+01
9.268340995E+00  1.281710625E+01
9.274916618E+00  1.291788292E+01
9.281492241E+00  1.277035713E+01
9.288067865E+00  1.305471134E+01
9.294643488E+00  1.406343937E+01
9.301219111E+00  1.404801941E+01
9.307794734E+00  1.694450378E+01
9.314370358E+00  1.705223083E+01
9.320945981E+00  2.158704185E+01
9.327521604E+00  2.509974480E+01
9.334097227E+00  2.887796402E+01
9.340672851E+00  2.805991364E+01
9.347248474E+00  2.656994629E+01
9.353824097E+00  2.291786003E+01
9.360399721E+00  2.574333954E+01
9.366975344E+00  2.745853615E+01
9.373550967E+00  2.838721848E+01
9.380126590E+00  2.601770973E+01
9.386702214E+00  2.778071594E+01
9.393277837E+00  2.610889816E+01
9.399853460E+00  2.582163429E+01
9.406429083E+00  2.396193695E+01
9.413004707E+00  2.584137154E+01
9.419580330E+00  2.762208939E+01
9.426155953E+00  2.816399574E+01
9.432731576E+00  2.933968735E+01
9.439307200E+00  3.159158516E+01
9.445882823E+00  3.606425858E+01
9.452458446E+00  4.048576736E+01
9.459034070E+00  4.409735489E+01
9.465609693E+00  4.735168839E+01
9.472185316E+00  5.231081009E+01
9.478760939E+00  5.760755157E+01
9.485336563E+00  6.204711914E+01
9.491912186E+00  6.746009064E+01
9.498487809E+00  7.374199677E+01
9.505063432E+00  8.053298187E+01
9.511639056E+00  8.707379150E+01
9.518214679E+00  9.507731628E+01
9.524790302E+00  1.025367355E+02
9.531365925E+00  1.116317444E+02
9.537941549E+00  1.214927063E+02
9.544517172E+00  1.318964844E+02
9.551092795E+00  1.430032501E+02
9.557668419E+00  1.535165863E+02
9.564244042E+00  1.632768402E+02
9.570819665E+00  1.744295349E+02
9.577395288E+00  1.857397614E+02
9.583970912E+00  1.979282684E+02
9.590546535E+00  2.102967682E+02
9.597122158E+00  2.213360138E+02
9.603697781E+00  2.321558380E+02
9.610273405E+00  2.448114319E+02
9.616849028E+00  2.580386353E+02
9.623424651E+00  2.713120422E+02
9.630000274E+00  2.850242310E+02
9.636575898E+00  2.970053101E+02
9.643151521E+00  3.089369202E+02
9.649727144E+00  3.192023010E+02
9.656302768E+00  3.310344543E+02
9.662878391E+00  3.419626465E+02
9.669454014E+00  3.522359009E+02
9.676029637E+00  3.631818848E+02
9.682605261E+00  3.755847778E+02
9.689180884E+00  3.869060059E+02
9.695756507E+00  3.972764282E+02
9.702332130E+00  4.050891724E+02
9.708907754E+00  4.071010742E+02
9.715483377E+00  4.068741455E+02
9.722059000E+00  4.041061401E+02
9.728634623E+00  4.009220886E+02
9.735210247E+00  3.973366699E+02
9.741785870E+00  3.894284668E+02
9.748361493E+00  3.813591614E+02
9.754937117E+00  3.703455200E+02
9.761512740E+00  3.596092529E+02
9.768088363E+00  3.444574890E+02
9.774663986E+00  3.272583923E+02
9.781239610E+00  3.084719238E+02
9.787815233E+00  2.930473328E+02
9.794390856E+00  2.772155151E+02
9.800966479E+00  2.628569031E+02
9.807542103E+00  2.483474274E+02
9.814117726E+00  2.333418579E+02
9.820693349E+00  2.192234955E+02
9.827268972E+00  2.076036530E+02
9.833844596E+00  1.977718658E+02
9.840420219E+00  1.892500610E+02
9.846995842E+00  1.807061920E+02
9.853571466E+00  1.725352631E+02
9.860147089E+00  1.647337952E+02
9.866722712E+00  1.591001129E+02
9.873298335E+00  1.543602448E+02
9.879873959E+00  1.507729492E+02
9.886449582E+00  1.456912079E+02
9.893025205E+00  1.411247253E+02
9.899600828E+00  1.379304199E+02
9.906176452E+00  1.349905396E+02
9.912752075E+00  1.322215576E+02
9.919327698E+00  1.298543701E+02
9.925903321E+00  1.268532944E+02
9.932478945E+00  1.236709061E+02
9.939054568E+00  1.206357727E+02
9.945630191E+00  1.191404266E+02
9.952205815E+00  1.187663498E+02
9.958781438E+00  1.189353714E+02
9.965357061E+00  1.187524261E+02
9.971932684E+00  1.186354370E+02
9.978508308E+00  1.173807449E+02
9.985083931E+00  1.160986481E+02
9.991659554E+00  1.144932098E+02
9.998235177E+00  1.141644821E+02
1.000481080E+01  1.117896805E+02
1.001138642E+01  1.089351654E+02
1.001796205E+01  1.055974808E+02
1.002453767E+01  1.043972015E+02
1.003111329E+01  1.030071411E+02
1.003768892E+01  1.021338120E+02
1.004426454E+01  1.012522736E+02
1.005084016E+01  1.007209015E+02
1.005741579E+01  9.843321991E+01
1.006399141E+01  9.512357330E+01
1.007056703E+01  9.063324738E+01
1.007714266E+01  8.597441101E+01
1.008371828E+01  8.247515869E+01
1.009029390E+01  7.936398315E+01
1.009686953E+01  7.583079529E+01
1.010344515E+01  7.116560364E+01
1.011002077E+01  6.611153412E+01
1.011659640E+01  6.261826706E+01
1.012317202E+01  6.023751450E+01
1.012974764E+01  5.797510147E+01
1.013632327E+01  5.472307587E+01
1.014289889E+01  5.255756378E+01
1.014947451E+01  4.971240616E+01
1.015605014E+01  4.645317459E+01
1.016262576E+01  4.242727280E+01
1.016920138E+01  4.041199112E+01
1.017577701E+01  3.816312790E+01
1.018235263E+01  3.561371613E+01
1.018892825E+01  3.399025345E+01
1.019550388E+01  3.284393692E+01
1.020207950E+01  3.253845596E+01
1.020865512E+01  3.049804878E+01
1.021523075E+01  3.001999283E+01
1.022180637E+01  2.864033127E+01
1.022838199E+01  2.966708374E+01
1.023495762E+01  2.791607094E+01
1.024153324E+01  2.653514671E+01
1.024810886E+01  2.460624504E+01
1.025468448E+01  2.547106361E+01
1.026126011E+01  2.467051506E+01
1.026783573E+01  2.348330688E+01
1.027441135E+01  2.131167984E+01
1.028098698E+01  2.029175949E+01
1.028756260E+01  1.922080994E+01
1.029413822E+01  2.089267159E+01
1.030071385E+01  2.164904404E+01
1.030728947E+01  2.117000198E+01
1.031386509E+01  1.996961021E+01
1.032044072E+01  1.812345886E+01
1.032701634E+01  1.626768494E+01
1.033359196E+01  1.762486076E+01
1.034016759E+01  1.932331848E+01
1.034674321E+01  1.978973579E+01
1.035331883E+01  1.935948944E+01
1.035989446E+01  1.816483116E+01
1.036647008E+01  1.864417267E+01
1.037304570E+01  1.882381821E+01
1.037962133E+01  1.811484718E+01
1.038619695E+01  1.754064560E+01
1.039277257E+01  1.811727715E+01
1.039934820E+01  1.817966652E+01
1.040592382E+01  1.932982635E+01
1.041249944E+01  1.925717545E+01
1.041907507E+01  1.896413040E+01
1.042565069E+01  1.807859612E+01
1.043222631E+01  1.816060829E+01
1.043880194E+01  1.594696999E+01
1.044537756E+01  1.417301559E+01
1.045195318E+01  1.275914192E+01
1.045852881E+01  1.284303474E+01
1.046510443E+01  1.253015137E+01
1.047168005E+01  1.250212193E+01
1.047825568E+01  1.072524452E+01
1.048483130E+01  8.932418823E+00
1.049140692E+01  8.022067070E+00
1.049798255E+01  8.970247269E+00
1.050455817E+01  8.722743034E+00
1.051113379E+01  7.815661907E+00
1.051770942E+01  7.741165161E+00
1.052428504E+01  7.349316597E+00
1.053086066E+01  6.801211357E+00
1.053743629E+01  7.013307095E+00
1.054401191E+01  7.186236382E+00
1.055058753E+01  7.444939613E+00
1.055716316E+01  6.791790485E+00
1.056373878E+01  6.242338657E+00
1.057031440E+01  6.047965050E+00
1.057689002E+01  5.639240265E+00
1.058346565E+01  4.438913822E+00
1.059004127E+01  3.607030869E+00
1.059661689E+01  2.814858198E+00
1.060319252E+01  2.950449944E+00
1.060976814E+01  3.040035009E+00
1.061634376E+01  3.370087624E+00
1.062291939E+01  3.755881786E+00
1.062949501E+01  4.057606220E+00
1.063607063E+01  3.036808014E+00
1.064264626E+01  2.290477991E+00
1.064922188E+01  3.060618877E+00
1.065579750E+01  3.656611204E+00
1.066237313E+01  2.700818539E+00
1.066894875E+01  1.365893602E+00
1.067552437E+01  9.245833158E-01
1.068210000E+01  4.977768362E-01
1.068867562E+01  7.507956624E-01
1.069525124E+01  1.811851621E+00
1.070182687E+01  3.174391508E+00
1.070840249E+01  2.471024275E+00
1.071497811E+01  1.039927602E+00
1.072155374E+01  2.101607800E+00
1.072812936E+01  3.239369154E+00
1.073470498E+01  4.040427685E+00
1.074128061E+01  3.125210047E+00
1.074785623E+01  1.805068970E+00
1.075443185E+01  1.027596474E+00
1.076100748E+01  4.005509019E-01
1.076758310E+01  5.561155081E-01
1.077415872E+01  1.946309566E+00
1.078073435E+01  2.739961386E+00
1.078730997E+01  3.072221041E+00
1.079388559E+01  2.495244741E+00
1.080046122E+01  7.770230770E-01
1.080703684E+01  -4.111185968E-01
1.081361246E+01  -9.041873813E-01
1.082018809E+01  -8.403978348E-01
1.082676371E+01  -1.538475454E-01
1.083333933E+01  1.001654744E+00
1.083991496E+01  7.823743224E-01
1.084649058E+01  4.705682695E-01
1.085306620E+01  2.098368257E-01
1.085964183E+01  1.364986300E+00
1.086621745E+01  2.850641966E+00
1.087279307E+01  3.950583458E+00
1.087936870E+01  3.857294798E+00
1.088594432E+01  4.409757614E+00
1.089251994E+01  5.200870037E+00
1.089909556E+01  4.697077274E+00
1.090567119E+01  3.770108223E+00
1.091224681E+01  4.436719418E+00
1.091882243E+01  6.343070030E+00
1.092539806E+01  6.866283894E+00
1.093197368E+01  6.780463219E+00
1.093854930E+01  5.407566071E+00
1.094512493E+01  3.946507931E+00
1.095170055E+01  3.675796032E+00
1.095827617E+01  4.722084045E+00
1.096485180E+01  4.911244392E+00
1.097142742E+01  4.354304790E+00
1.097800304E+01  3.733580828E+00
1.098457867E+01  2.830993652E+00
1.099115429E+01  3.609124899E+00
1.099772991E+01  4.032504082E+00
1.100430554E+01  3.238018751E+00
1.101088116E+01  2.463135242E+00
1.101745678E+01  2.669433117E+00
1.102403241E+01  2.797488213E+00
1.103060803E+01  3.250757933E+00
1.103718365E+01  3.480541945E+00
1.104375928E+01  4.213031769E+00
1.105033490E+01  4.603609085E+00
1.105691052E+01  4.561061382E+00
1.106348615E+01  4.358911991E+00
1.107006177E+01  4.970381260E+00
1.107663739E+01  5.404809952E+00
1.108321302E+01  6.182270527E+00
1.108978864E+01  6.098703861E+00
1.109636426E+01  6.431485176E+00
1.110293989E+01  6.816377640E+00
1.110951551E+01  8.180150032E+00
1.111609113E+01  7.759131908E+00
1.112266676E+01  8.099702835E+00
1.112924238E+01  8.062198639E+00
1.113581800E+01  7.426379204E+00
1.114239363E+01  6.274734020E+00
1.114896925E+01  4.597459793E+00
1.115554487E+01  4.199199677E+00
1.116212050E+01  5.778636456E+00
1.116869612E+01  8.043235779E+00
1.117527174E+01  8.539329529E+00
1.118184737E+01  8.555920601E+00
1.118842299E+01  8.926933289E+00
1.119499861E+01  8.909141541E+00
1.120157424E+01  9.076703072E+00
1.120814986E+01  8.695179939E+00
1.121472548E+01  7.617053509E+00
1.122130111E+01  7.512675285E+00
1.122787673E+01  7.194489956E+00
1.123445235E+01  8.245942116E+00
1.124102797E+01  9.099601746E+00
1.124760360E+01  1.033940983E+01
1.125417922E+01  1.120409679E+01
1.126075484E+01  1.230984211E+01
1.126733047E+01  1.230359077E+01
1.127390609E+01  1.257741070E+01
1.128048171E+01  1.163421822E+01
1.128705734E+01  1.053308582E+01
1.129363296E+01  1.104940319E+01
1.130020858E+01  1.249811649E+01
1.130678421E+01  1.340413857E+01
1.131335983E+01  1.320889473E+01
1.131993545E+01  1.278106022E+01
1.132651108E+01  1.274957180E+01
1.133308670E+01  1.112618446E+01
1.133966232E+01  1.113603687E+01
1.134623795E+01  1.244470406E+01
1.135281357E+01  1.334715748E+01
1.135938919E+01  1.376044655E+01
1.136596482E+01  1.290435791E+01
1.137254044E+01  1.292348289E+01
1.137911606E+01  1.332960892E+01
1.138569169E+01  1.453246880E+01
1.139226731E+01  1.561709499E+01
1.139884293E+01  1.659820557E+01
1.140541856E+01  1.629667473E+01
1.141199418E+01  1.665495110E+01
1.141856980E+01  1.729908752E+01
1.142514543E+01  1.771352386E+01
1.143172105E+01  1.703309822E+01
1.143829667E+01  1.551763630E+01
1.144487230E+01  1.320968628E+01
1.145144792E+01  1.316155243E+01
1.145802354E+01  1.362329102E+01
1.146459917E+01  1.586937046E+01
1.147117479E+01  1.626702690E+01
1.147775041E+01  1.719960403E+01
1.148432604E+01  1.845864868E+01
1.149090166E+01  1.972485733E+01
1.149747728E+01  1.890549088E+01
1.150405291E+01  1.778719330E+01
1.151062853E+01  1.666783714E+01
1.151720415E+01  1.548787022E+01
1.152377978E+01  1.625071907E+01
1.153035540E+01  1.819613838E+01
1.153693102E+01  1.886367989E+01
1.154350665E+01  1.980851936E+01
1.155008227E+01  1.941638947E+01
1.155665789E+01  1.889138412E+01
1.156323351E+01  1.878622246E+01
1.156980914E+01  1.848663330E+01
1.157638476E+01  1.897159958E+01
1.158296038E+01  1.811756325E+01
1.158953601E+01  1.884442520E+01
1.159611163E+01  1.923223877E+01
1.160268725E+01  1.974289131E+01
1.160926288E+01  1.980018616E+01
1.161583850E+01  2.010282516E+01
1.162241412E+01  1.971426201E+01
1.162898975E+01  1.959540558E+01
1.163556537E+01  1.943959236E+01
1.164214099E+01  1.891867638E+01
1.164871662E+01  1.906876945E+01
1.165529224E+01  1.907149124E+01
1.166186786E+01  1.982087135E+01
1.166844349E+01  1.944580269E+01
1.167501911E+01  1.948289680E+01
1.168159473E+01  1.954347801E+01
1.168817036E+01  2.036728477E+01
1.169474598E+01  2.096311188E+01
1.170132160E+01  2.203213692E+01
1.170789723E+01  2.362270355E+01
1.171447285E+01  2.230758476E+01
1.172104847E+01  2.249304390E+01
1.172762410E+01  2.352090073E+01
1.173419972E+01  2.338678551E+01
1.174077534E+01  2.204824448E+01
1.174735097E+01  2.275140572E+01
1.175392659E+01  2.280441093E+01
1.176050221E+01  2.042702293E+01
1.176707784E+01  1.848549461E+01
1.177365346E+01  1.784559631E+01
1.178022908E+01  1.667973328E+01
1.178680471E+01  1.701578903E+01
1.179338033E+01  1.749834442E+01
1.179995595E+01  1.700440407E+01
1.180653158E+01  1.632796478E+01
1.181310720E+01  1.527669716E+01
1.181968282E+01  1.471784210E+01
1.182625845E+01  1.556404972E+01
1.183283407E+01  1.670453262E+01
1.183940969E+01  1.779559135E+01
1.184598532E+01  1.705993462E+01
1.185256094E+01  1.724272537E+01
1.185913656E+01  1.752760315E+01
1.186571219E+01  1.767779922E+01
1.187228781E+01  1.761571503E+01
1.187886343E+01  1.757039452E+01
1.188543906E+01  1.681335831E+01
1.189201468E+01  1.607559776E+01
1.189859030E+01  1.709395409E+01
1.190516592E+01  1.744316483E+01
1.191174155E+01  1.795821190E+01
1.191831717E+01  1.744087219E+01
1.192489279E+01  1.684623718E+01
1.193146842E+01  1.688037682E+01
1.193804404E+01  1.588558197E+01
1.194461966E+01  1.588187695E+01
1.195119529E+01  1.464465523E+01
1.195777091E+01  1.417635441E+01
1.196434653E+01  1.376945305E+01
1.197092216E+01  1.449278927E+01
1.197749778E+01  1.415982914E+01
1.198407340E+01  1.450689030E+01
1.199064903E+01  1.475124264E+01
1.199722465E+01  1.464677620E+01
1.200380027E+01  1.404161739E+01
1.201037590E+01  1.368428421E+01
1.201695152E+01  1.471293831E+01
1.202352714E+01  1.696008110E+01
1.203010277E+01  1.823038101E+01
1.203667839E+01  2.023182106E+01
1.204325401E+01  2.064554024E+01
1.204982964E+01  1.962141609E+01
1.205640526E+01  1.779224777E+01
1.206298088E+01  1.605010605E+01
1.206955651E+01  1.579585743E+01
1.207613213E+01  1.578827572E+01
1.208270775E+01  1.417627716E+01
1.208928338E+01  1.304871941E+01
1.209585900E+01  1.405159378E+01
1.210243462E+01  1.451546192E+01
1.210901025E+01  1.406092834E+01
1.211558587E+01  1.506739044E+01
1.212216149E+01  1.604120064E+01
1.212873712E+01  1.772894859E+01
1.213531274E+01  1.707937431E+01
1.214188836E+01  1.890303993E+01
1.214846399E+01  1.892603302E+01
1.215503961E+01  1.974065971E+01
1.216161523E+01  1.849391365E+01
1.216819086E+01  1.923708725E+01
1.217476648E+01  1.862596703E+01
1.218134210E+01  1.790863228E+01
1.218791773E+01  1.793813515E+01
1.219449335E+01  1.900015259E+01
1.220106897E+01  2.025926971E+01
1.220764460E+01  2.158758926E+01
1.221422022E+01  2.172488976E+01
1.222079584E+01  1.997833633E+01
1.222737146E+01  1.991827774E+01
1.223394709E+01  2.147394562E+01
1.224052271E+01  2.342857742E+01
1.224709833E+01  2.453708839E+01
1.225367396E+01  2.479267883E+01
1.226024958E+01  2.372174263E+01
1.226682520E+01  2.273251343E+01
1.227340083E+01  2.204083824E+01
1.227997645E+01  2.127076912E+01
1.228655207E+01  1.967525482E+01
1.229312770E+01  2.059367561E+01
1.229970332E+01  2.097965813E+01
1.230627894E+01  2.265743637E+01
1.231285457E+01  2.369538498E+01
1.231943019E+01  2.619019127E+01
1.232600581E+01  2.737232780E+01
1.233258144E+01  2.777158546E+01
1.233915706E+01  2.765944481E+01
1.234573268E+01  2.726783752E+01
1.235230831E+01  2.722956657E+01
1.235888393E+01  2.895771027E+01
1.236545955E+01  3.006846619E+01
1.237203518E+01  3.003056717E+01
1.237861080E+01  2.940502930E+01
1.238518642E+01  2.971526909E+01
1.239176205E+01  2.994173241E+01
1.239833767E+01  3.050919724E+01
1.240491329E+01  3.160171700E+01
1.241148892E+01  3.271584320E+01
1.241806454E+01  3.418016434E+01
1.242464016E+01  3.566456223E+01
1.243121579E+01  3.667047119E+01
1.243779141E+01  3.766367722E+01
1.244436703E+01  3.813438416E+01
1.245094266E+01  3.876077652E+01
1.245751828E+01  4.013266373E+01
1.246409390E+01  4.142237473E+01
1.247066953E+01  4.222167587E+01
1.247724515E+01  4.156422806E+01
1.248382077E+01  3.967069626E+01
1.249039640E+01  3.807767868E+01
1.249697202E+01  3.908885574E+01
1.250354764E+01  4.009873199E+01
1.251012327E+01  4.190953064E+01
1.251669889E+01  4.263304138E+01
1.252327451E+01  4.251534271E+01
1.252985014E+01  4.306081009E+01
1.253642576E+01  4.397401428E+01
1.254300138E+01  4.464166260E+01
1.254957700E+01  4.527224350E+01
1.255615263E+01  4.534816360E+01
1.256272825E+01  4.515848541E+01
1.256930387E+01  4.522566223E+01
1.257587950E+01  4.493299103E+01
1.258245512E+01  4.499726868E+01
1.258903074E+01  4.450883102E+01
1.259560637E+01  4.549160767E+01
1.260218199E+01  4.652470398E+01
1.260875761E+01  4.691085815E+01
1.261533324E+01  4.724773788E+01
1.262190886E+01  4.763886261E+01
1.262848448E+01  4.721657181E+01
1.263506011E+01  4.733877563E+01
1.264163573E+01  4.807873535E+01
1.264821135E+01  4.915276337E+01
1.265478698E+01  4.922639465E+01
1.266136260E+01  4.929475784E+01
1.266793822E+01  4.906684494E+01
1.267451385E+01  4.794012451E+01
1.268108947E+01  4.713872147E+01
1.268766509E+01  4.554154587E+01
1.269424072E+01  4.586930084E+01
1.270081634E+01  4.594963074E+01
1.270739196E+01  4.606573105E+01
1.271396759E+01  4.586408234E+01
1.272054321E+01  4.452436829E+01
1.272711883E+01  4.462958908E+01
1.273369446E+01  4.465971375E+01
1.274027008E+01  4.461033630E+01
1.274684570E+01  4.454979706E+01
1.275342133E+01  4.605522919E+01
1.275999695E+01  4.646401215E+01
1.276657257E+01  4.600073242E+01
1.277314820E+01  4.511849213E+01
1.277972382E+01  4.400866699E+01
1.278629944E+01  4.434212875E+01
1.279287507E+01  4.494647980E+01
1.279945069E+01  4.585147476E+01
1.280602631E+01  4.655658722E+01
1.281260194E+01  4.639283752E+01
1.281917756E+01  4.590120316E+01
1.282575318E+01  4.531357956E+01
1.283232881E+01  4.441410828E+01
1.283890443E+01  4.282384491E+01
1.284548005E+01  4.047438431E+01
1.285205568E+01  3.912985611E+01
1.285863130E+01  3.982048798E+01
1.286520692E+01  3.912485504E+01
1.287178255E+01  3.773042297E+01
1.287835817E+01  3.503413010E+01
1.288493379E+01  3.352910233E+01
1.289150941E+01  3.265232086E+01
1.289808504E+01  3.358099747E+01
1.290466066E+01  3.400749207E+01
1.291123628E+01  3.375111008E+01
1.291781191E+01  3.367462540E+01
1.292438753E+01  3.214569092E+01
1.293096315E+01  2.998606873E+01
1.293753878E+01  2.700335884E+01
1.294411440E+01  2.517362404E+01
1.295069002E+01  2.420340347E+01
1.295726565E+01  2.512882233E+01
1.296384127E+01  2.637712669E+01
1.297041689E+01  2.632722664E+01
1.297699252E+01  2.592053413E+01
1.298356814E+01  2.603498840E+01
1.299014376E+01  2.564130211E+01
1.299671939E+01  2.411986732E+01
1.300329501E+01  2.228368950E+01
1.300987063E+01  2.081247711E+01
1.301644626E+01  2.046358109E+01
1.302302188E+01  2.048312378E+01
1.302959750E+01  2.191068459E+01
1.303617313E+01  2.137227249E+01
1.304274875E+01  2.165942764E+01
1.304932437E+01  2.016183662E+01
1.305590000E+01  1.857289314E+01
1.306247562E+01  1.651568985E+01
1.306905124E+01  1.453469658E+01
1.307562687E+01  1.267146206E+01
1.308220249E+01  1.219751263E+01
1.308877811E+01  1.287900734E+01
1.309535374E+01  1.366764927E+01
1.310192936E+01  1.462158775E+01
1.310850498E+01  1.398940277E+01
1.311508061E+01  1.322670364E+01
1.312165623E+01  1.369535255E+01
1.312823185E+01  1.357849598E+01
1.313480748E+01  1.300899029E+01
1.314138310E+01  1.232476616E+01
1.314795872E+01  1.273436069E+01
1.315453435E+01  1.203957272E+01
1.316110997E+01  1.135274315E+01
1.316768559E+01  8.195396423E+00
1.317426122E+01  5.632508278E+00
1.318083684E+01  4.838431358E+00
1.318741246E+01  3.990445852E+00
1.319398809E+01  3.158897638E+00
1.320056371E+01  3.026924372E+00
1.320713933E+01  2.573073387E+00
1.321371495E+01  2.601085901E+00
1.322029058E+01  3.312164545E+00
1.322686620E+01  1.792276144E+00
1.323344182E+01  2.119087219E+00
1.324001745E+01  2.306298733E+00
1.324659307E+01  3.420346498E+00
1.325316869E+01  4.059892654E+00
1.325974432E+01  5.151725769E+00
1.326631994E+01  6.619216442E+00
1.327289556E+01  7.708489895E+00
1.327947119E+01  8.416649818E+00
1.328604681E+01  7.142166615E+00
1.329262243E+01  5.276190758E+00
1.329919806E+01  4.775789261E+00
1.330577368E+01  4.394908905E+00
1.331234930E+01  3.324995995E+00
1.331892493E+01  3.027520418E+00
1.332550055E+01  4.301844120E+00
1.333207617E+01  5.450261116E+00
1.333865180E+01  7.403975010E+00
1.334522742E+01  8.686476707E+00
1.335180304E+01  1.004782104E+01
1.335837867E+01  9.655060768E+00
1.336495429E+01  1.017085457E+01
1.337152991E+01  1.261089230E+01
1.337810554E+01  1.543178368E+01
1.338468116E+01  1.888897133E+01
1.339125678E+01  2.154258347E+01
1.339783241E+01  2.321056747E+01
1.340440803E+01  2.398479843E+01
1.341098365E+01  2.488537788E+01
1.341755928E+01  2.580398560E+01
1.342413490E+01  2.758054924E+01
1.343071052E+01  2.934845924E+01
1.343728615E+01  3.213074875E+01
1.344386177E+01  3.427320862E+01
1.345043739E+01  3.639848709E+01
1.345701302E+01  3.748958969E+01
1.346358864E+01  4.039328003E+01
1.347016426E+01  4.354617691E+01
1.347673989E+01  4.826624298E+01
1.348331551E+01  5.102622223E+01
1.348989113E+01  5.350003052E+01
1.349646676E+01  5.598903656E+01
1.350304238E+01  5.825894165E+01
1.350961800E+01  6.200124741E+01
1.351619363E+01  6.501388550E+01
1.352276925E+01  6.937409210E+01
1.352934487E+01  7.381436920E+01
1.353592050E+01  7.834211731E+01
1.354249612E+01  8.276014709E+01
1.354907174E+01  8.759246063E+01
1.355564736E+01  9.292262268E+01
1.356222299E+01  9.779171753E+01
1.356879861E+01  1.026646576E+02
1.357537423E+01  1.071777344E+02
1.358194986E+01  1.113344116E+02
1.358852548E+01  1.152885666E+02
1.359510110E+01  1.198429871E+02
1.360167673E+01  1.246500549E+02
1.360825235E+01  1.306756439E+02
1.361482797E+01  1.372933350E+02
1.362140360E+01  1.422726746E+02
1.362797922E+01  1.471176453E+02
1.363455484E+01  1.516671143E+02
1.364113047E+01  1.556657562E+02
1.364770609E+01  1.615969849E+02
1.365428171E+01  1.662967834E+02
1.366085734E+01  1.711455231E+02
1.366743296E+01  1.761637573E+02
1.367400858E+01  1.804550018E+02
1.368058421E+01  1.861979980E+02
1.368715983E+01  1.913605194E+02
1.369373545E+01  1.953513031E+02
1.370031108E+01  1.978954315E+02
1.370688670E+01  2.004758301E+02
1.371346232E+01  2.032419434E+02
1.372003795E+01  2.064906616E+02
1.372661357E+01  2.102361298E+02
1.373318919E+01  2.141399994E+02
1.373976482E+01  2.163307190E+02
1.374634044E+01  2.178858948E+02
1.375291606E+01  2.200165253E+02
1.375949169E+01  2.236400757E+02
1.376606731E+01  2.262145691E+02
1.377264293E+01  2.263591614E+02
1.377921856E+01  2.264249725E+02
1.378579418E+01  2.273846283E+02
1.379236980E+01  2.289061584E+02
1.379894543E+01  2.289915161E+02
1.380552105E+01  2.284966736E+02
1.381209667E+01  2.273454742E+02
1.381867230E+01  2.265916748E+02
1.382524792E+01  2.253138885E+02
1.383182354E+01  2.246371460E+02
1.383839917E+01  2.230194702E+02
1.384497479E+01  2.207333679E+02
1.385155041E+01  2.178940582E+02
1.385812604E+01  2.165035400E+02
1.386470166E+01  2.136487427E+02
1.387127728E+01  2.091914978E+02
1.387785290E+01  2.053515625E+02
1.388442853E+01  2.010815887E+02
1.389100415E+01  1.976916504E+02
1.389757977E+01  1.943228760E+02
1.390415540E+01  1.915245972E+02
1.391073102E+01  1.884711456E+02
1.391730664E+01  1.848207245E+02
1.392388227E+01  1.810357513E+02
1.393045789E+01  1.764863434E+02
1.393703351E+01  1.728702545E+02
1.394360914E+01  1.683549652E+02
1.395018476E+01  1.641724091E+02
1.395676038E+01  1.582546997E+02
1.396333601E+01  1.549358215E+02
1.396991163E+01  1.524745331E+02
1.397648725E+01  1.502502136E+02
1.398306288E+01  1.464791412E+02
1.398963850E+01  1.438478394E+02
1.399621412E+01  1.411091919E+02
1.400278975E+01  1.376391449E+02
1.400936537E+01  1.337145081E+02
1.401594099E+01  1.298870087E+02
1.402251662E+01  1.266102066E+02
1.402909224E+01  1.221814270E+02
1.403566786E+01  1.176020737E+02
1.404224349E+01  1.121714172E+02
1.404881911E+01  1.086105957E+02
1.405539473E+01  1.049014816E+02
1.406197036E+01  1.021773071E+02
1.406854598E+01  9.976467133E+01
1.407512160E+01  9.835638428E+01
1.408169723E+01  9.642160797E+01
1.408827285E+01  9.459358978E+01
1.409484847E+01  9.180974579E+01
1.410142410E+01  8.970038605E+01
1.410799972E+01  8.748027802E+01
1.411457534E+01  8.633196259E+01
1.412115097E+01  8.372754669E+01
1.412772659E+01  8.105123901E+01
1.413430221E+01  7.857247925E+01
1.414087784E+01  7.730049896E+01
1.414745346E+01  7.617955017E+01
1.415402908E+01  7.574520874E+01
1.416060471E+01  7.382505798E+01
1.416718033E+01  7.153083038E+01
1.417375595E+01  6.831218719E+01
1.418033158E+01  6.523057556E+01
1.418690720E+01  6.378252792E+01
1.419348282E+01  6.152852249E+01
1.420005844E+01  5.854126740E+01
1.420663407E+01  5.654433441E+01
1.421320969E+01  5.575202560E+01
1.421978531E+01  5.429173660E+01
1.422636094E+01  5.279183578E+01
1.423293656E+01  5.130012894E+01
1.423951218E+01  5.092740631E+01
1.424608781E+01  5.106083298E+01
1.425266343E+01  4.925115204E+01
1.425923905E+01  4.612575912E+01
1.426581468E+01  4.405131912E+01
1.427239030E+01  4.170357132E+01
1.427896592E+01  3.993111038E+01
1.428554155E+01  3.796339417E+01
1.429211717E+01  3.628036499E+01
1.429869279E+01  3.509535980E+01
1.430526842E+01  3.446889496E+01
1.431184404E+01  3.241216278E+01
1.431841966E+01  3.047248459E+01
1.432499529E+01  2.879630852E+01
1.433157091E+01  2.726591873E+01
1.433814653E+01  2.523918533E+01
1.434472216E+01  2.352367973E+01
1.435129778E+01  2.177463341E+01
1.435787340E+01  2.058086777E+01
1.436444903E+01  2.041352463E+01
1.437102465E+01  1.986825943E+01
1.437760027E+01  1.938691330E+01
1.438417590E+01  1.849970627E+01
1.439075152E+01  1.685111237E+01
1.439732714E+01  1.491373062E+01
1.440390277E+01  1.310546780E+01
1.441047839E+01  1.245116234E+01
1.441705401E+01  1.295270348E+01
1.442362964E+01  1.518131256E+01
1.443020526E+01  1.597139168E+01
1.443678088E+01  1.552648354E+01
1.444335651E+01  1.366341019E+01
1.444993213E+01  1.203199863E+01
1.445650775E+01  1.076547337E+01
1.446308338E+01  1.037889576E+01
1.446965900E+01  9.793084145E+00
1.447623462E+01  9.812647820E+00
1.448281025E+01  9.646980286E+00
1.448938587E+01  9.927350998E+00
1.449596149E+01  1.045250797E+01
1.450253712E+01  1.142110252E+01
1.450911274E+01  1.051030254E+01
1.451568836E+01  9.242980003E+00
1.452226399E+01  7.199137688E+00
1.452883961E+01  5.498328686E+00
1.453541523E+01  4.660988331E+00
1.454199085E+01  4.207553387E+00
1.454856648E+01  4.141372681E+00
1.455514210E+01  5.429176807E+00
1.456171772E+01  6.708596706E+00
1.456829335E+01  6.660723686E+00
1.457486897E+01  6.676124096E+00
1.458144459E+01  6.586773872E+00
1.458802022E+01  5.669963837E+00
1.459459584E+01  5.150254726E+00
1.460117146E+01  5.145276070E+00
1.460774709E+01  5.703812599E+00
1.461432271E+01  6.193500996E+00
1.462089833E+01  5.657272816E+00
1.462747396E+01  5.748903275E+00
1.463404958E+01  6.567970753E+00
1.464062520E+01  5.742866039E+00
1.464720083E+01  5.327762604E+00
1.465377645E+01  4.954962730E+00
1.466035207E+01  5.528253555E+00
1.466692770E+01  7.605235100E+00
1.467350332E+01  8.338722229E+00
1.468007894E+01  8.476746559E+00
1.468665457E+01  8.267342567E+00
1.469323019E+01  8.446337700E+00
1.469980581E+01  8.482469559E+00
1.470638144E+01  9.012446404E+00
1.471295706E+01  9.055788994E+00
1.471953268E+01  9.507016182E+00
1.472610831E+01  9.245024681E+00
1.473268393E+01  9.707303047E+00
1.473925955E+01  1.104666901E+01
1.474583518E+01  1.026750565E+01
1.475241080E+01  8.393722534E+00
1.475898642E+01  7.724132061E+00
1.476556205E+01  7.382251740E+00
1.477213767E+01  5.969623566E+00
1.477871329E+01  5.980367184E+00
1.478528892E+01  6.265532494E+00
1.479186454E+01  7.101949215E+00
1.479844016E+01  8.387050629E+00
1.480501579E+01  9.573442459E+00
1.481159141E+01  1.111177731E+01
1.481816703E+01  1.040582657E+01
1.482474266E+01  9.534169197E+00
1.483131828E+01  8.669615746E+00
1.483789390E+01  8.601190567E+00
1.484446953E+01  8.419180870E+00
1.485104515E+01  9.470711708E+00
1.485762077E+01  9.879760742E+00
1.486419639E+01  1.054081249E+01
1.487077202E+01  1.177559757E+01
1.487734764E+01  1.237312984E+01
1.488392326E+01  1.142906380E+01
1.489049889E+01  1.096043968E+01
1.489707451E+01  9.728928566E+00
1.490365013E+01  9.141709328E+00
1.491022576E+01  7.756838799E+00
1.491680138E+01  7.303274632E+00
1.492337700E+01  8.085170746E+00
1.492995263E+01  8.087347984E+00
1.493652825E+01  8.529976845E+00
1.494310387E+01  9.185969353E+00
1.494967950E+01  9.667591095E+00
1.495625512E+01  9.560256004E+00
1.496283074E+01  8.519695282E+00
1.496940637E+01  9.429666519E+00
1.497598199E+01  9.072858810E+00
1.498255761E+01  8.316436768E+00
1.498913324E+01  7.992899895E+00
1.499570886E+01  8.097835541E+00
1.500228448E+01  9.142461777E+00
1.500886011E+01  9.906064034E+00
1.501543573E+01  9.367639542E+00
1.502201135E+01  9.582359314E+00
1.502858698E+01  9.282156944E+00
1.503516260E+01  9.520256996E+00
1.504173822E+01  1.149197483E+01
1.504831385E+01  1.306011200E+01
1.505488947E+01  1.324860382E+01
1.506146509E+01  1.306478500E+01
1.506804072E+01  1.226160049E+01
1.507461634E+01  1.171064472E+01
1.508119196E+01  1.122443581E+01
1.508776759E+01  1.245875263E+01
1.509434321E+01  1.261869049E+01
1.510091883E+01  1.277897549E+01
1.510749446E+01  1.319157887E+01
1.511407008E+01  1.204157829E+01
1.512064570E+01  1.087732983E+01
1.512722133E+01  9.962034225E+00
1.513379695E+01  9.517876625E+00
1.514037257E+01  8.705514908E+00
1.514694820E+01  8.232970238E+00
1.515352382E+01  8.737947464E+00
1.516009944E+01  8.991942406E+00
1.516667507E+01  9.690760612E+00
1.517325069E+01  1.022405624E+01
1.517982631E+01  1.141653824E+01
1.518640194E+01  1.144691753E+01
1.519297756E+01  1.110132313E+01
1.519955318E+01  1.022887135E+01
1.520612880E+01  9.421838760E+00
1.521270443E+01  8.534707069E+00
1.521928005E+01  7.828695774E+00
1.522585567E+01  6.834549427E+00
1.523243130E+01  6.480474949E+00
1.523900692E+01  5.937351227E+00
1.524558254E+01  6.427325249E+00
1.525215817E+01  6.830747128E+00
1.525873379E+01  7.338022232E+00
1.526530941E+01  7.891022205E+00
1.527188504E+01  8.855443954E+00
1.527846066E+01  8.861635208E+00
1.528503628E+01  8.764061928E+00
1.529161191E+01  8.759965897E+00
1.529818753E+01  8.265828133E+00
1.530476315E+01  7.761606693E+00
1.531133878E+01  9.755580902E+00
1.531791440E+01  1.128191185E+01
1.532449002E+01  1.281567955E+01
1.533106565E+01  1.227972221E+01
1.533764127E+01  1.262471008E+01
1.534421689E+01  1.163090897E+01
1.535079252E+01  1.108444500E+01
1.535736814E+01  1.119771862E+01
1.536394376E+01  1.133157158E+01
1.537051939E+01  1.080339050E+01
1.537709501E+01  9.845606804E+00
1.538367063E+01  8.795635223E+00
1.539024626E+01  7.649098396E+00
1.539682188E+01  7.779062748E+00
1.540339750E+01  5.666021824E+00
1.540997313E+01  5.800727367E+00
1.541654875E+01  6.529401302E+00
1.542312437E+01  6.779814243E+00
1.542970000E+01  6.775149345E+00
1.543627562E+01  7.193183422E+00
1.544285124E+01  6.309839249E+00
1.544942687E+01  5.690105915E+00
1.545600249E+01  3.847216845E+00
1.546257811E+01  3.613743067E+00
1.546915374E+01  3.768058300E+00
1.547572936E+01  3.541174412E+00
1.548230498E+01  3.634318113E+00
1.548888061E+01  3.895690680E+00
1.549545623E+01  4.043609619E+00
1.550203185E+01  3.539556980E+00
1.550860748E+01  3.664838076E+00
1.551518310E+01  4.231031418E+00
1.552175872E+01  3.573639393E+00
1.552833434E+01  2.556971788E+00
1.553490997E+01  1.608324647E+00
1.554148559E+01  8.390745521E-01
1.554806121E+01  7.438959479E-01
1.555463684E+01  8.467579484E-01
1.556121246E+01  1.944576144E+00
1.556778808E+01  2.658970594E+00
1.557436371E+01  3.465073824E+00
1.558093933E+01  2.836062670E+00
1.558751495E+01  3.180657625E+00
1.559409058E+01  2.942732573E+00
1.560066620E+01  3.369381905E+00
1.560724182E+01  2.507989407E+00
1.561381745E+01  1.302421093E+00
1.562039307E+01  1.534431696E+00
1.562696869E+01  2.965753794E+00
1.563354432E+01  4.450403690E+00
1.564011994E+01  3.974720240E+00
1.564669556E+01  3.715470552E+00
1.565327119E+01  2.781549931E+00
1.565984681E+01  3.489373207E+00
1.566642243E+01  4.069904804E+00
1.567299806E+01  4.976767063E+00
1.567957368E+01  4.589850426E+00
1.568614930E+01  4.001451492E+00
1.569272493E+01  3.659334183E+00
1.569930055E+01  4.208531380E+00
1.570587617E+01  4.088023186E+00
1.571245180E+01  4.648413658E+00
1.571902742E+01  4.105542183E+00
1.572560304E+01  3.894003630E+00
1.573217867E+01  4.109527111E+00
1.573875429E+01  4.497748375E+00
1.574532991E+01  3.627549410E+00
1.575190554E+01  3.340763807E+00
1.575848116E+01  4.600324631E+00
1.576505678E+01  7.487819672E+00
1.577163241E+01  9.404665947E+00
1.577820803E+01  1.109115124E+01
1.578478365E+01  1.381637573E+01
1.579135928E+01  1.414534092E+01
1.579793490E+01  1.458494854E+01
1.580451052E+01  1.321485424E+01
1.581108615E+01  1.247360802E+01
1.581766177E+01  1.138960075E+01
1.582423739E+01  1.139162064E+01
1.583081302E+01  1.226587772E+01
1.583738864E+01  1.456811619E+01
1.584396426E+01  1.617243958E+01
1.585053988E+01  1.851545143E+01
1.585711551E+01  2.020514679E+01
1.586369113E+01  2.219521713E+01
1.587026675E+01  2.381875229E+01
1.587684238E+01  2.491030502E+01
1.588341800E+01  2.537083244E+01
1.588999362E+01  2.580685616E+01
1.589656925E+01  2.685809898E+01
1.590314487E+01  2.719406700E+01
1.590972049E+01  2.842957115E+01
1.591629612E+01  3.041282272E+01
1.592287174E+01  3.198421669E+01
1.592944736E+01  3.381470490E+01
1.593602299E+01  3.583549500E+01
1.594259861E+01  3.950074005E+01
1.594917423E+01  4.245549774E+01
1.595574986E+01  4.658018494E+01
1.596232548E+01  5.029378128E+01
1.596890110E+01  5.512366104E+01
1.597547673E+01  5.872512054E+01
1.598205235E+01  6.279740906E+01
1.598862797E+01  6.703146362E+01
1.599520360E+01  7.164604187E+01
1.600177922E+01  7.792533875E+01
1.600835484E+01  8.331712341E+01
1.601493047E+01  8.841612244E+01
1.602150609E+01  9.268572235E+01
1.602808171E+01  9.902387238E+01
1.603465734E+01  1.055253067E+02
1.604123296E+01  1.125547714E+02
1.604780858E+01  1.185683136E+02
1.605438421E+01  1.240346832E+02
1.606095983E+01  1.313220520E+02
1.606753545E+01  1.379485016E+02
1.607411108E+01  1.457426147E+02
1.608068670E+01  1.525789490E+02
1.608726232E+01  1.605526886E+02
1.609383795E+01  1.675999146E+02
1.610041357E+01  1.746044006E+02
1.610698919E+01  1.804065094E+02
1.611356482E+01  1.865951385E+02
1.612014044E+01  1.909100342E+02
1.612671606E+01  1.957150116E+02
1.613329169E+01  1.996067810E+02
1.613986731E+01  2.041537323E+02
1.614644293E+01  2.088105011E+02
1.615301856E+01  2.135351257E+02
1.615959418E+01  2.178291473E+02
1.616616980E+01  2.226584015E+02
1.617274543E+01  2.254526520E+02
1.617932105E+01  2.276689758E+02
1.618589667E+01  2.287605591E+02
1.619247229E+01  2.293915405E+02
1.619904792E+01  2.294833374E+02
1.620562354E+01  2.290819397E+02
1.621219916E+01  2.279051666E+02
1.621877479E+01  2.255878601E+02
1.622535041E+01  2.221940460E+02
1.623192603E+01  2.198072815E+02
1.623850166E+01  2.163143311E+02
1.624507728E+01  2.122196655E+02
1.625165290E+01  2.076522369E+02
1.625822853E+01  2.026135712E+02
1.626480415E+01  1.969308472E+02
1.627137977E+01  1.912437744E+02
1.627795540E+01  1.857857819E+02
1.628453102E+01  1.806701965E+02
1.629110664E+01  1.736372681E+02
1.629768227E+01  1.684257812E+02
1.630425789E+01  1.628814850E+02
1.631083351E+01  1.576362000E+02
1.631740914E+01  1.517841949E+02
1.632398476E+01  1.450144196E+02
1.633056038E+01  1.388698425E+02
1.633713601E+01  1.327064056E+02
1.634371163E+01  1.275743942E+02
1.635028725E+01  1.227047348E+02
1.635686288E+01  1.182985916E+02
1.636343850E+01  1.129164581E+02
1.637001412E+01  1.071227798E+02
1.637658975E+01  1.020610504E+02
1.638316537E+01  9.764092255E+01
1.638974099E+01  9.425540924E+01
1.639631662E+01  9.005485535E+01
1.640289224E+01  8.586344910E+01
1.640946786E+01  8.089891052E+01
1.641604349E+01  7.717390442E+01
1.642261911E+01  7.445155334E+01
1.642919473E+01  7.089443207E+01
1.643577036E+01  6.670806122E+01
1.644234598E+01  6.283626175E+01
1.644892160E+01  5.968036270E+01
1.645549723E+01  5.708115387E+01
1.646207285E+01  5.353519821E+01
1.646864847E+01  4.945458603E+01
1.647522410E+01  4.584516144E+01
1.648179972E+01  4.325427628E+01
1.648837534E+01  4.178885651E+01
1.649495097E+01  4.072332382E+01
1.650152659E+01  3.996148300E+01
1.650810221E+01  3.919280243E+01
1.651467783E+01  3.703496933E+01
1.652125346E+01  3.423165131E+01
1.652782908E+01  3.106217384E+01
1.653440470E+01  2.966522980E+01
1.654098033E+01  2.855403328E+01
1.654755595E+01  2.822226334E+01
1.655413157E+01  2.849173355E+01
1.656070720E+01  2.913493538E+01
1.656728282E+01  2.976567268E+01
1.657385844E+01  2.996943092E+01
1.658043407E+01  2.856655121E+01
1.658700969E+01  2.784661865E+01
1.659358531E+01  2.806307793E+01
1.660016094E+01  2.901527023E+01
1.660673656E+01  3.013730049E+01
1.661331218E+01  3.235447693E+01
1.661988781E+01  3.486750031E+01
1.662646343E+01  3.565098190E+01
1.663303905E+01  3.568978882E+01
1.663961468E+01  3.577199936E+01
1.664619030E+01  3.602211761E+01
1.665276592E+01  3.628142929E+01
1.665934155E+01  3.676036072E+01
1.666591717E+01  3.719227600E+01
1.667249279E+01  3.856249237E+01
1.667906842E+01  3.961119461E+01
1.668564404E+01  4.080512619E+01
1.669221966E+01  4.194989777E+01
1.669879529E+01  4.316116714E+01
1.670537091E+01  4.337001801E+01
1.671194653E+01  4.395332718E+01
1.671852216E+01  4.525183868E+01
1.672509778E+01  4.660776138E+01
1.673167340E+01  4.867188644E+01
1.673824903E+01  5.075370026E+01
1.674482465E+01  5.267831802E+01
1.675140027E+01  5.372592545E+01
1.675797590E+01  5.557465744E+01
1.676455152E+01  5.715998459E+01
1.677112714E+01  5.868006516E+01
1.677770277E+01  5.839654160E+01
1.678427839E+01  5.941872025E+01
1.679085401E+01  6.039300919E+01
1.679742964E+01  6.149513626E+01
1.680400526E+01  6.165423965E+01
1.681058088E+01  6.313296127E+01
1.681715651E+01  6.442198181E+01
1.682373213E+01  6.537233734E+01
1.683030775E+01  6.461876678E+01
1.683688338E+01  6.569834900E+01
1.684345900E+01  6.626487732E+01
1.685003462E+01  6.841600037E+01
1.685661024E+01  6.968393707E+01
1.686318587E+01  7.027131653E+01
1.686976149E+01  6.983294678E+01
1.687633711E+01  7.039861298E+01
1.688291274E+01  7.141266632E+01
1.688948836E+01  7.273303223E+01
1.689606398E+01  7.216783905E+01
1.690263961E+01  7.099102783E+01
1.690921523E+01  6.950389862E+01
1.691579085E+01  6.824210358E+01
1.692236648E+01  6.701818085E+01
1.692894210E+01  6.678378296E+01
1.693551772E+01  6.578308105E+01
1.694209335E+01  6.410982513E+01
1.694866897E+01  6.315659714E+01
1.695524459E+01  6.382427597E+01
1.696182022E+01  6.287261581E+01
1.696839584E+01  6.155648422E+01
1.697497146E+01  6.066735840E+01
1.698154709E+01  5.974280548E+01
1.698812271E+01  5.899665451E+01
1.699469833E+01  5.794691849E+01
1.700127396E+01  5.569314957E+01
1.700784958E+01  5.330608749E+01
1.701442520E+01  5.198048019E+01
1.702100083E+01  5.097747803E+01
1.702757645E+01  5.020714951E+01
1.703415207E+01  4.843551254E+01
1.704072770E+01  4.597740936E+01
1.704730332E+01  4.439523697E+01
1.705387894E+01  4.275724792E+01
1.706045457E+01  4.233334732E+01
1.706703019E+01  4.160438538E+01
1.707360581E+01  4.114251328E+01
1.708018144E+01  3.886705017E+01
1.708675706E+01  3.617877197E+01
1.709333268E+01  3.452190399E+01
1.709990831E+01  3.360288620E+01
1.710648393E+01  3.236547470E+01
1.711305955E+01  3.227099609E+01
1.711963518E+01  3.207621002E+01
1.712621080E+01  3.092459106E+01
1.713278642E+01  2.772720528E+01
1.713936205E+01  2.610215950E+01
1.714593767E+01  2.536483383E+01
1.715251329E+01  2.489506912E+01
1.715908892E+01  2.387252426E+01
1.716566454E+01  2.331036377E+01
1.717224016E+01  2.199568367E+01
1.717881578E+01  2.119068909E+01
1.718539141E+01  2.104333305E+01
1.719196703E+01  1.981925392E+01
1.719854265E+01  1.810783005E+01
1.720511828E+01  1.703749847E+01
1.721169390E+01  1.671425056E+01
1.721826952E+01  1.709905243E+01
1.722484515E+01  1.563676453E+01
1.723142077E+01  1.378298855E+01
1.723799639E+01  1.352164459E+01
1.724457202E+01  1.400364399E+01
1.725114764E+01  1.386622238E+01
1.725772326E+01  1.446926689E+01
1.726429889E+01  1.356035423E+01
1.727087451E+01  1.234115696E+01
1.727745013E+01  1.110415649E+01
1.728402576E+01  1.103684807E+01
1.729060138E+01  1.078130627E+01
1.729717700E+01  1.061582565E+01
1.730375263E+01  8.502285004E+00
1.731032825E+01  6.538782120E+00
1.731690387E+01  5.563638210E+00
1.732347950E+01  4.507938862E+00
1.733005512E+01  4.793970108E+00
1.733663074E+01  5.281997681E+00
1.734320637E+01  5.786379814E+00
1.734978199E+01  5.870979786E+00
1.735635761E+01  6.090865612E+00
1.736293324E+01  5.625123978E+00
1.736950886E+01  5.704596043E+00
1.737608448E+01  5.417055130E+00
1.738266011E+01  4.580255985E+00
1.738923573E+01  4.957753658E+00
1.739581135E+01  4.062621117E+00
1.740238698E+01  3.827368021E+00
1.740896260E+01  4.329531193E+00
1.741553822E+01  3.719897985E+00
1.742211385E+01  3.495457172E+00
1.742868947E+01  3.961802006E+00
1.743526509E+01  4.278054237E+00
1.744184072E+01  2.837723970E+00
1.744841634E+01  1.561190128E+00
1.745499196E+01  6.447259188E-01
1.746156759E+01  5.521970987E-01
1.746814321E+01  8.146883547E-02
1.747471883E+01  6.988778710E-01
1.748129446E+01  8.927477002E-01
1.748787008E+01  1.487840891E+00
1.749444570E+01  2.035006762E+00
1.750102132E+01  3.002097368E+00
1.750759695E+01  4.385294914E+00
1.751417257E+01  4.569461823E+00
1.752074819E+01  3.704602480E+00
1.752732382E+01  3.512991428E+00
1.753389944E+01  4.045030117E+00
1.754047506E+01  4.537155151E+00
1.754705069E+01  4.735566616E+00
1.755362631E+01  5.095933437E+00
1.756020193E+01  4.996279716E+00
1.756677756E+01  5.646654606E+00
1.757335318E+01  6.457291126E+00
1.757992880E+01  6.184114456E+00
1.758650443E+01  5.060575485E+00
1.759308005E+01  5.198528767E+00
1.759965567E+01  5.553564072E+00
1.760623130E+01  6.063189030E+00
1.761280692E+01  6.069680214E+00
1.761938254E+01  4.934342861E+00
1.762595817E+01  5.572664261E+00
1.763253379E+01  6.041719913E+00
1.763910941E+01  5.938122272E+00
1.764568504E+01  5.230054379E+00
1.765226066E+01  5.219184399E+00
1.765883628E+01  6.173969269E+00
1.766541191E+01  7.501531601E+00
1.767198753E+01  7.893169403E+00
1.767856315E+01  8.751117706E+00
1.768513878E+01  8.856028557E+00
1.769171440E+01  7.896763325E+00
1.769829002E+01  6.704766273E+00
1.770486565E+01  7.069009781E+00
1.771144127E+01  7.894688606E+00
1.771801689E+01  7.316503048E+00
1.772459252E+01  7.011648178E+00
1.773116814E+01  6.880481243E+00
1.773774376E+01  7.674939156E+00
1.774431939E+01  8.252446175E+00
1.775089501E+01  6.962635040E+00
1.775747063E+01  7.078008175E+00
1.776404626E+01  7.270013332E+00
1.777062188E+01  8.051424980E+00
1.777719750E+01  7.945779324E+00
1.778377313E+01  7.787660122E+00
1.779034875E+01  7.873092651E+00
1.779692437E+01  8.373114586E+00
1.780350000E+01  8.752715111E+00
1.781007562E+01  8.471033096E+00
1.781665124E+01  7.871485233E+00
1.782322687E+01  6.401006222E+00
1.782980249E+01  7.596857071E+00
1.783637811E+01  8.774614334E+00
1.784295373E+01  8.839198112E+00
1.784952936E+01  9.305868149E+00
1.785610498E+01  9.367116928E+00
1.786268060E+01  1.019734955E+01
1.786925623E+01  1.075268936E+01
1.787583185E+01  9.514142036E+00
1.788240747E+01  9.819622993E+00
1.788898310E+01  1.077264786E+01
1.789555872E+01  1.161050034E+01
1.790213434E+01  1.081164837E+01
1.790870997E+01  9.821823120E+00
1.791528559E+01  1.095538998E+01
1.792186121E+01  1.217708397E+01
1.792843684E+01  1.274752045E+01
1.793501246E+01  1.285162163E+01
1.794158808E+01  1.203513813E+01
1.794816371E+01  1.209332561E+01
1.795473933E+01  1.297622204E+01
1.796131495E+01  1.399226856E+01
1.796789058E+01  1.490547657E+01
1.797446620E+01  1.474988747E+01
1.798104182E+01  1.365819073E+01
1.798761745E+01  1.219277954E+01
1.799419307E+01  1.273931217E+01
1.800076869E+01  1.385387993E+01
1.800734432E+01  1.511506176E+01
1.801391994E+01  1.623916054E+01
1.802049556E+01  1.599377823E+01
1.802707119E+01  1.548834133E+01
1.803364681E+01  1.495388889E+01
1.804022243E+01  1.429336452E+01
1.804679806E+01  1.307330894E+01
1.805337368E+01  1.335442829E+01
1.805994930E+01  1.418573093E+01
1.806652493E+01  1.578469753E+01
1.807310055E+01  1.554655552E+01
1.807967617E+01  1.490950775E+01
1.808625180E+01  1.595921803E+01
1.809282742E+01  1.643711090E+01
1.809940304E+01  1.711291885E+01
1.810597867E+01  1.735597229E+01
1.811255429E+01  1.783782768E+01
1.811912991E+01  1.761380386E+01
1.812570554E+01  1.703362465E+01
1.813228116E+01  1.686983871E+01
1.813885678E+01  1.758196449E+01
1.814543241E+01  1.859921646E+01
1.815200803E+01  1.944158554E+01
1.815858365E+01  1.919299698E+01
1.816515927E+01  1.953108215E+01
1.817173490E+01  2.039907074E+01
1.817831052E+01  2.112491989E+01
1.818488614E+01  1.956635094E+01
1.819146177E+01  1.764746475E+01
1.819803739E+01  1.692027855E+01
1.820461301E+01  1.763357735E+01
1.821118864E+01  1.945948029E+01
1.821776426E+01  2.097489929E+01
1.822433988E+01  2.064640236E+01
1.823091551E+01  2.068325615E+01
1.823749113E+01  2.072980881E+01
1.824406675E+01  2.032741165E+01
1.825064238E+01  1.982360840E+01
1.825721800E+01  1.936774063E+01
1.826379362E+01  1.945001221E+01
1.827036925E+01  1.952112961E+01
1.827694487E+01  2.013047600E+01
1.828352049E+01  2.056771851E+01
1.829009612E+01  2.125000763E+01
1.829667174E+01  2.016582870E+01
1.830324736E+01  1.875438690E+01
1.830982299E+01  1.729524803E+01
1.831639861E+01  1.736780739E+01
1.832297423E+01  1.650655365E+01
1.832954986E+01  1.753846359E+01
1.833612548E+01  1.779001617E+01
1.834270110E+01  1.658280182E+01
1.834927673E+01  1.653086090E+01
1.835585235E+01  1.758316803E+01
1.836242797E+01  1.921502113E+01
1.836900360E+01  1.980987167E+01
1.837557922E+01  1.849672127E+01
1.838215484E+01  1.819211197E+01
1.838873047E+01  1.742091942E+01
1.839530609E+01  1.659858131E+01
1.840188171E+01  1.796420670E+01
1.840845734E+01  1.893017769E+01
1.841503296E+01  1.852113152E+01
1.842160858E+01  1.739300919E+01
1.842818421E+01  1.645121956E+01
1.843475983E+01  1.659968758E+01
1.844133545E+01  1.713879967E+01
1.844791108E+01  1.778642654E+01
1.845448670E+01  1.859980774E+01
1.846106232E+01  2.108590889E+01
1.846763795E+01  2.270730782E+01
1.847421357E+01  2.353893471E+01
1.848078919E+01  2.318849754E+01
1.848736482E+01  2.114610100E+01
1.849394044E+01  1.982526588E+01
1.850051606E+01  1.933442497E+01
1.850709168E+01  1.949595833E+01
1.851366731E+01  1.960938072E+01
1.852024293E+01  2.070719719E+01
1.852681855E+01  2.028780365E+01
1.853339418E+01  2.099223328E+01
1.853996980E+01  2.121498680E+01
1.854654542E+01  2.185840225E+01
1.855312105E+01  2.255921173E+01
1.855969667E+01  2.218949318E+01
1.856627229E+01  2.210713577E+01
1.857284792E+01  2.370904732E+01
1.857942354E+01  2.431688309E+01
1.858599916E+01  2.425757980E+01
1.859257479E+01  2.372859383E+01
1.859915041E+01  2.354446030E+01
1.860572603E+01  2.383063507E+01
1.861230166E+01  2.403179550E+01
1.861887728E+01  2.432052803E+01
1.862545290E+01  2.419060326E+01
1.863202853E+01  2.487494469E+01
1.863860415E+01  2.490669060E+01
1.864517977E+01  2.459283829E+01
1.865175540E+01  2.449864388E+01
1.865833102E+01  2.572890663E+01
1.866490664E+01  2.642456436E+01
1.867148227E+01  2.569388580E+01
1.867805789E+01  2.575751305E+01
1.868463351E+01  2.673853302E+01
1.869120914E+01  2.792372322E+01
1.869778476E+01  2.783340454E+01
1.870436038E+01  2.803980637E+01
1.871093601E+01  2.792391396E+01
1.871751163E+01  2.731951904E+01
1.872408725E+01  2.665138626E+01
1.873066288E+01  2.572332954E+01
1.873723850E+01  2.449748611E+01
1.874381412E+01  2.393609047E+01
1.875038975E+01  2.379146957E+01
1.875696537E+01  2.433354950E+01
1.876354099E+01  2.487666512E+01
1.877011662E+01  2.511350441E+01
1.877669224E+01  2.435919762E+01
1.878326786E+01  2.448927879E+01
1.878984349E+01  2.502850342E+01
1.879641911E+01  2.456147575E+01
1.880299473E+01  2.407393456E+01
1.880957036E+01  2.308702469E+01
1.881614598E+01  2.352546501E+01
1.882272160E+01  2.355593872E+01
1.882929722E+01  2.292746353E+01
1.883587285E+01  2.249535751E+01
1.884244847E+01  2.198495293E+01
1.884902409E+01  2.162594795E+01
1.885559972E+01  2.056848145E+01
1.886217534E+01  2.014394379E+01
1.886875096E+01  2.010186577E+01
1.887532659E+01  2.056310463E+01
1.888190221E+01  2.048181152E+01
1.888847783E+01  1.994137573E+01
1.889505346E+01  1.885170937E+01
1.890162908E+01  1.916312981E+01
1.890820470E+01  1.910315323E+01
1.891478033E+01  1.934003639E+01
1.892135595E+01  1.840410042E+01
1.892793157E+01  1.864127350E+01
1.893450720E+01  1.879013824E+01
1.894108282E+01  1.823279572E+01
1.894765844E+01  1.731702995E+01
1.895423407E+01  1.697092819E+01
1.896080969E+01  1.729652596E+01
1.896738531E+01  1.820936775E+01
1.897396094E+01  1.925826263E+01
1.898053656E+01  1.952513885E+01
1.898711218E+01  1.948247910E+01
1.899368781E+01  1.808171654E+01
1.900026343E+01  1.666250420E+01
1.900683905E+01  1.554315662E+01
1.901341468E+01  1.473906898E+01
1.901999030E+01  1.452148438E+01
1.902656592E+01  1.477316475E+01
1.903314155E+01  1.488946819E+01
1.903971717E+01  1.479514980E+01
1.904629279E+01  1.452899361E+01
1.905286842E+01  1.499589825E+01
1.905944404E+01  1.391616058E+01
1.906601966E+01  1.182742882E+01
1.907259529E+01  1.026528740E+01
1.907917091E+01  1.097452641E+01
1.908574653E+01  1.207980061E+01
1.909232216E+01  1.257799911E+01
1.909889778E+01  1.268017864E+01
1.910547340E+01  1.264272308E+01
1.911204903E+01  1.208044434E+01
1.911862465E+01  1.236859035E+01
1.912520027E+01  1.246631527E+01
1.913177590E+01  1.305471325E+01
1.913835152E+01  1.355781651E+01
1.914492714E+01  1.417986298E+01
1.915150276E+01  1.476208019E+01
1.915807839E+01  1.412743378E+01
1.916465401E+01  1.274924946E+01
1.917122963E+01  1.271876335E+01
1.917780526E+01  1.257209110E+01
1.918438088E+01  1.309957409E+01
1.919095650E+01  1.329707718E+01
1.919753213E+01  1.292547035E+01
1.920410775E+01  1.310493755E+01
1.921068337E+01  1.443234253E+01
1.921725900E+01  1.464406490E+01
1.922383462E+01  1.275204182E+01
1.923041024E+01  1.147534180E+01
1.923698587E+01  1.135263348E+01
1.924356149E+01  1.114217949E+01
1.925013711E+01  1.010137844E+01
1.925671274E+01  9.296029091E+00
1.926328836E+01  9.410788536E+00
1.926986398E+01  9.259331703E+00
1.927643961E+01  8.854761124E+00
1.928301523E+01  7.075485706E+00
1.928959085E+01  6.245356560E+00
1.929616648E+01  5.732738018E+00
1.930274210E+01  6.594389439E+00
1.930931772E+01  6.617424965E+00
1.931589335E+01  6.432301521E+00
1.932246897E+01  5.251521111E+00
1.932904459E+01  4.192615032E+00
1.933562022E+01  3.549499989E+00
1.934219584E+01  2.342095375E+00
1.934877146E+01  2.295101166E+00
1.935534709E+01  1.933343887E+00
1.936192271E+01  9.517833591E-01
1.936849833E+01  -2.396607697E-01
1.937507396E+01  -1.210721254E+00
1.938164958E+01  -8.543313146E-01
1.938822520E+01  -9.644967914E-01
1.939480083E+01  -4.433254898E-01
1.940137645E+01  -5.098050833E-01
1.940795207E+01  5.204853415E-01
1.941452770E+01  1.163623333E+00
1.942110332E+01  1.464443684E+00
1.942767894E+01  -1.088251770E-01
1.943425457E+01  -1.028720617E+00
1.944083019E+01  -8.402501345E-01
1.944740581E+01  -2.682831287E-01
1.945398144E+01  3.641173244E-01
1.946055706E+01  5.399100184E-01
1.946713268E+01  3.542794883E-01
1.947370831E+01  -2.795404792E-01
1.948028393E+01  -6.122829318E-01
1.948685955E+01  5.176494718E-01
1.949343517E+01  -1.095141694E-01
