6.000256231E+00  -8.755809069E-02
6.006831854E+00  3.943391442E-01
6.013407478E+00  -4.573978782E-01
6.019983101E+00  -1.241581813E-01
6.026558724E+00  1.911186799E-02
6.033134347E+00  7.761737108E-01
6.039709971E+00  -4.544373229E-02
6.046285594E+00  -5.657107830E-01
6.052861217E+00  -3.810444176E-01
6.059436840E+00  7.310880721E-02
6.066012464E+00  8.683896065E-01
6.072588087E+00  7.381567955E-01
6.079163710E+00  1.818835616E+00
6.085739334E+00  2.885855198E+00
6.092314957E+00  4.131459236E+00
6.098890580E+00  3.291878462E+00
6.105466203E+00  2.373235464E+00
6.112041827E+00  5.603154898E-01
6.118617450E+00  -5.989199281E-01
6.125193073E+00  -1.000650883E+00
6.131768696E+00  -6.137577295E-01
6.138344320E+00  7.284539938E-01
6.144919943E+00  3.462366760E-01
6.151495566E+00  5.418721959E-02
6.158071190E+00  9.872223139E-01
6.164646813E+00  1.446583152E+00
6.171222436E+00  1.937866807E+00
6.177798059E+00  1.477653146E+00
6.184373683E+00  1.065716624E+00
6.190949306E+00  1.794691920E+00
6.197524929E+00  1.794644952E+00
6.204100552E+00  2.190733910E+00
6.210676176E+00  1.492439747E+00
6.217251799E+00  5.800167844E-02
6.223827422E+00  -4.202330112E-01
6.230403045E+00  4.786001444E-01
6.236978669E+00  4.849531651E-01
6.243554292E+00  1.366244107E-01
6.250129915E+00  7.543099523E-01
6.256705539E+00  8.671939969E-01
6.263281162E+00  -5.807247385E-02
6.269856785E+00  -3.195706010E-02
6.276432408E+00  1.320392787E-01
6.283008032E+00  1.467628837E+00
6.289583655E+00  1.683585525E+00
6.296159278E+00  1.424330235E+00
6.302734901E+00  1.766277254E-01
6.309310525E+00  -3.902664483E-01
6.315886148E+00  -2.706589103E-01
6.322461771E+00  -2.701757252E-01
6.329037394E+00  4.942132235E-01
6.335613018E+00  1.143489599E+00
6.342188641E+00  1.760424972E+00
6.348764264E+00  1.395856023E+00
6.355339888E+00  9.779904485E-01
6.361915511E+00  2.159407377E+00
6.368491134E+00  3.052678108E+00
6.375066757E+00  4.121211529E+00
6.381642381E+00  4.101066589E+00
6.388218004E+00  4.236454487E+00
6.394793627E+00  3.952717066E+00
6.401369250E+00  3.572025299E+00
6.407944874E+00  2.906272173E+00
6.414520497E+00  3.137087822E+00
6.421096120E+00  3.262764692E+00
6.427671743E+00  4.081584454E+00
6.434247367E+00  4.419555664E+00
6.440822990E+00  4.798362732E+00
6.447398613E+00  4.920483112E+00
6.453974237E+00  4.917752266E+00
6.460549860E+00  4.259374142E+00
6.467125483E+00  3.976840258E+00
6.473701106E+00  3.583438396E+00
6.480276730E+00  2.127309799E+00
6.486852353E+00  3.563213348E-01
6.493427976E+00  -2.171667218E-01
6.500003599E+00  1.690596581E+00
6.506579223E+00  3.498569965E+00
6.513154846E+00  4.805387020E+00
6.519730469E+00  5.636441708E+00
6.526306092E+00  5.900436401E+00
6.532881716E+00  5.641317844E+00
6.539457339E+00  6.156419277E+00
6.546032962E+00  6.094565392E+00
6.552608586E+00  5.951882362E+00
6.559184209E+00  5.758513451E+00
6.565759832E+00  4.170855999E+00
6.572335455E+00  4.285479546E+00
6.578911079E+00  4.790201664E+00
6.585486702E+00  5.045350075E+00
6.592062325E+00  4.898428440E+00
6.598637948E+00  6.090099812E+00
6.605213572E+00  7.883569717E+00
6.611789195E+00  8.007452965E+00
6.618364818E+00  8.833024979E+00
6.624940441E+00  6.855926514E+00
6.631516065E+00  5.689101219E+00
6.638091688E+00  4.979083538E+00
6.644667311E+00  3.868185043E+00
6.651242935E+00  2.679583311E+00
6.657818558E+00  1.905635118E+00
6.664394181E+00  2.260395527E+00
6.670969804E+00  2.694781303E+00
6.677545428E+00  3.562608480E+00
6.684121051E+00  2.840824842E+00
6.690696674E+00  2.672246218E+00
6.697272297E+00  3.555014849E+00
6.703847921E+00  4.958076954E+00
6.710423544E+00  5.204967499E+00
6.716999167E+00  5.569989204E+00
6.723574790E+00  4.905882835E+00
6.730150414E+00  4.058847904E+00
6.736726037E+00  3.482536316E+00
6.743301660E+00  3.289787292E+00
6.749877284E+00  3.972575903E+00
6.756452907E+00  4.494766235E+00
6.763028530E+00  5.016214848E+00
6.769604153E+00  5.554860592E+00
6.776179777E+00  5.336327076E+00
6.782755400E+00  4.290247917E+00
6.789331023E+00  3.959200859E+00
6.795906646E+00  2.749686003E+00
6.802482270E+00  1.788574219E+00
6.809057893E+00  7.654041648E-01
6.815633516E+00  1.923361182E+00
6.822209139E+00  1.901823044E+00
6.828784763E+00  3.037622571E-01
6.835360386E+00  -1.243443131E+00
6.841936009E+00  -5.917931348E-02
6.848511633E+00  4.336857796E-01
6.855087256E+00  2.032309294E+00
6.861662879E+00  2.558579683E+00
6.868238502E+00  3.577638149E+00
6.874814126E+00  3.621524572E+00
6.881389749E+00  3.994852543E+00
6.887965372E+00  4.370028496E+00
6.894540995E+00  4.749656677E+00
6.901116619E+00  4.841049194E+00
6.907692242E+00  6.019598484E+00
6.914267865E+00  5.711579323E+00
6.920843488E+00  4.259371758E+00
6.927419112E+00  2.844295979E+00
6.933994735E+00  3.144309044E+00
6.940570358E+00  2.693847656E+00
6.947145982E+00  3.625507832E+00
6.953721605E+00  3.110939980E+00
6.960297228E+00  2.990712881E+00
6.966872851E+00  2.898803473E+00
6.973448475E+00  2.705939293E+00
6.980024098E+00  3.651418447E+00
6.986599721E+00  3.196122646E+00
6.993175344E+00  3.123093128E+00
6.999750968E+00  3.876391649E+00
7.006326591E+00  6.114806175E+00
7.012902214E+00  6.338316441E+00
7.019477837E+00  5.854406834E+00
7.026053461E+00  5.477288723E+00
7.032629084E+00  5.741780758E+00
7.039204707E+00  4.576170921E+00
7.045780331E+00  4.379379272E+00
7.052355954E+00  4.863748550E+00
7.058931577E+00  6.000861645E+00
7.065507200E+00  6.738359451E+00
7.072082824E+00  7.488236427E+00
7.078658447E+00  6.576081276E+00
7.085234070E+00  6.257206917E+00
7.091809693E+00  5.182485104E+00
7.098385317E+00  5.281662941E+00
7.104960940E+00  4.090522766E+00
7.111536563E+00  2.979408741E+00
7.118112186E+00  1.838777542E+00
7.124687810E+00  1.294537663E+00
7.131263433E+00  1.989298701E+00
7.137839056E+00  2.939791918E+00
7.144414680E+00  3.301513910E+00
7.150990303E+00  4.504950047E+00
7.157565926E+00  3.613475323E+00
7.164141549E+00  3.176369190E+00
7.170717173E+00  3.113568306E+00
7.177292796E+00  3.980788946E+00
7.183868419E+00  5.548123837E+00
7.190444042E+00  6.958718300E+00
7.197019666E+00  7.756584644E+00
7.203595289E+00  8.238639832E+00
7.210170912E+00  8.352149963E+00
7.216746535E+00  8.705458641E+00
7.223322159E+00  8.244731903E+00
7.229897782E+00  9.013716698E+00
7.236473405E+00  9.784590721E+00
7.243049029E+00  9.584809303E+00
7.249624652E+00  9.155116081E+00
7.256200275E+00  1.057258415E+01
7.262775898E+00  1.066712093E+01
7.269351522E+00  8.821283340E+00
7.275927145E+00  8.417543411E+00
7.282502768E+00  8.221601486E+00
7.289078391E+00  9.213936806E+00
7.295654015E+00  9.170391083E+00
7.302229638E+00  8.332586288E+00
7.308805261E+00  7.267318726E+00
7.315380884E+00  7.302606106E+00
7.321956508E+00  8.037471771E+00
7.328532131E+00  7.840003967E+00
7.335107754E+00  7.558309555E+00
7.341683378E+00  7.438007355E+00
7.348259001E+00  9.112477303E+00
7.354834624E+00  9.171228409E+00
7.361410247E+00  8.348874092E+00
7.367985871E+00  7.870843887E+00
7.374561494E+00  8.177508354E+00
7.381137117E+00  8.296254158E+00
7.387712740E+00  8.671558380E+00
7.394288364E+00  9.414505005E+00
7.400863987E+00  1.108842182E+01
7.407439610E+00  1.146815014E+01
7.414015233E+00  1.142480564E+01
7.420590857E+00  1.087058830E+01
7.427166480E+00  9.622541428E+00
7.433742103E+00  9.289258957E+00
7.440317727E+00  8.396842003E+00
7.446893350E+00  8.514376640E+00
7.453468973E+00  8.154304504E+00
7.460044596E+00  8.053167343E+00
7.466620220E+00  7.832236767E+00
7.473195843E+00  7.099061489E+00
7.479771466E+00  6.400084496E+00
7.486347089E+00  5.912038326E+00
7.492922713E+00  5.394564629E+00
7.499498336E+00  4.527609348E+00
7.506073959E+00  4.246369839E+00
7.512649582E+00  3.758866310E+00
7.519225206E+00  3.248083830E+00
7.525800829E+00  4.085348606E+00
7.532376452E+00  4.165773869E+00
7.538952076E+00  4.877500057E+00
7.545527699E+00  5.412245750E+00
7.552103322E+00  4.299490452E+00
7.558678945E+00  3.388906002E+00
7.565254569E+00  2.289818525E+00
7.571830192E+00  2.659793615E+00
7.578405815E+00  2.798400640E+00
7.584981438E+00  3.281015158E+00
7.591557062E+00  4.242527008E+00
7.598132685E+00  5.102453232E+00
7.604708308E+00  5.792497635E+00
7.611283931E+00  6.004122734E+00
7.617859555E+00  5.338962078E+00
7.624435178E+00  3.136960506E+00
7.631010801E+00  9.744399786E-01
7.637586425E+00  -9.711515158E-02
7.644162048E+00  1.291242480E+00
7.650737671E+00  3.315684319E+00
7.657313294E+00  3.606102943E+00
7.663888918E+00  3.270049572E+00
7.670464541E+00  3.400557280E+00
7.677040164E+00  2.633764267E+00
7.683615787E+00  5.327109694E-01
7.690191411E+00  -1.549863458E+00
7.696767034E+00  -1.770347238E+00
7.703342657E+00  -2.190739870E+00
7.709918281E+00  -1.305020452E+00
7.716493904E+00  -2.964767516E-01
7.723069527E+00  4.832870066E-01
7.729645150E+00  7.443228960E-01
7.736220774E+00  9.150691628E-01
7.742796397E+00  1.842535973E+00
7.749372020E+00  1.900692463E+00
7.755947643E+00  6.418222189E-01
7.762523267E+00  3.253188431E-01
7.769098890E+00  1.153024197E+00
7.775674513E+00  1.521167636E+00
7.782250136E+00  2.336758375E+00
7.788825760E+00  2.199699879E+00
7.795401383E+00  1.560980201E+00
7.801977006E+00  9.326307476E-02
7.808552630E+00  3.080627918E-01
7.815128253E+00  2.224677563E+00
7.821703876E+00  3.127014160E+00
7.828279499E+00  2.091409683E+00
7.834855123E+00  6.545904875E-01
7.841430746E+00  3.688408136E-01
7.848006369E+00  1.093987823E+00
7.854581992E+00  2.252278566E+00
7.861157616E+00  3.988532782E+00
7.867733239E+00  6.151584148E+00
7.874308862E+00  7.989593029E+00
7.880884485E+00  9.275531769E+00
7.887460109E+00  9.129454613E+00
7.894035732E+00  1.034662056E+01
7.900611355E+00  1.164750195E+01
7.907186979E+00  1.284819126E+01
7.913762602E+00  1.471343994E+01
7.920338225E+00  1.752355766E+01
7.926913848E+00  1.927656174E+01
7.933489472E+00  1.920381737E+01
7.940065095E+00  1.939406013E+01
7.946640718E+00  1.864838791E+01
7.953216341E+00  1.829618645E+01
7.959791965E+00  1.827667999E+01
7.966367588E+00  1.973024750E+01
7.972943211E+00  2.040467834E+01
7.979518834E+00  2.249843979E+01
7.986094458E+00  2.291899109E+01
7.992670081E+00  2.283795929E+01
7.999245704E+00  2.159153366E+01
8.005821328E+00  2.209893799E+01
8.012396951E+00  2.239953232E+01
8.018972574E+00  2.366991043E+01
8.025548197E+00  2.295438004E+01
8.032123821E+00  2.279483223E+01
8.038699444E+00  2.198954773E+01
8.045275067E+00  2.125138855E+01
8.051850690E+00  2.139139938E+01
8.058426314E+00  2.095503616E+01
8.065001937E+00  2.070653725E+01
8.071577560E+00  2.228615189E+01
8.078153183E+00  2.370427704E+01
8.084728807E+00  2.386098480E+01
8.091304430E+00  2.443957901E+01
8.097880053E+00  2.613510323E+01
8.104455677E+00  2.639896393E+01
8.111031300E+00  2.665280342E+01
8.117606923E+00  2.480215836E+01
8.124182546E+00  2.614905739E+01
8.130758170E+00  2.926750755E+01
8.137333793E+00  3.250251007E+01
8.143909416E+00  3.490658951E+01
8.150485039E+00  3.728762054E+01
8.157060663E+00  3.769078827E+01
8.163636286E+00  3.785754395E+01
8.170211909E+00  3.625931168E+01
8.176787532E+00  3.632306290E+01
8.183363156E+00  3.766666031E+01
8.189938779E+00  4.060229111E+01
8.196514402E+00  4.461252975E+01
8.203090026E+00  4.831811523E+01
8.209665649E+00  4.941641235E+01
8.216241272E+00  5.036161041E+01
8.222816895E+00  5.236764145E+01
8.229392519E+00  5.583005524E+01
8.235968142E+00  5.955160522E+01
8.242543765E+00  6.404743195E+01
8.249119388E+00  6.856311798E+01
8.255695012E+00  7.421533966E+01
8.262270635E+00  8.050063324E+01
8.268846258E+00  8.600244141E+01
8.275421881E+00  9.308445740E+01
8.281997505E+00  1.019101791E+02
8.288573128E+00  1.117886200E+02
8.295148751E+00  1.229057236E+02
8.301724375E+00  1.342994995E+02
8.308299998E+00  1.460020752E+02
8.314875621E+00  1.622106476E+02
8.321451244E+00  1.832273712E+02
8.328026868E+00  2.077020874E+02
8.334602491E+00  2.344208679E+02
8.341178114E+00  2.624734802E+02
8.347753737E+00  2.944028625E+02
8.354329361E+00  3.278671875E+02
8.360904984E+00  3.664211121E+02
8.367480607E+00  4.084010315E+02
8.374056230E+00  4.531619263E+02
8.380631854E+00  5.019841003E+02
8.387207477E+00  5.561151123E+02
8.393783100E+00  6.122864380E+02
8.400358724E+00  6.690913086E+02
8.406934347E+00  7.245045166E+02
8.413509970E+00  7.788082886E+02
8.420085593E+00  8.272091675E+02
8.426661217E+00  8.717614746E+02
8.433236840E+00  9.034237671E+02
8.439812463E+00  9.272405396E+02
8.446388086E+00  9.336933594E+02
8.452963710E+00  9.347622681E+02
8.459539333E+00  9.248603516E+02
8.466114956E+00  9.093759766E+02
8.472690579E+00  8.875479126E+02
8.479266203E+00  8.641486816E+02
8.485841826E+00  8.397819214E+02
8.492417449E+00  8.140599365E+02
8.498993073E+00  7.862781372E+02
8.505568696E+00  7.589645386E+02
8.512144319E+00  7.306336670E+02
8.518719942E+00  7.047011719E+02
8.525295566E+00  6.780708008E+02
8.531871189E+00  6.493695068E+02
8.538446812E+00  6.185573120E+02
8.545022435E+00  5.875086060E+02
8.551598059E+00  5.585086060E+02
8.558173682E+00  5.328389282E+02
8.564749305E+00  5.096763611E+02
8.571324928E+00  4.848371582E+02
8.577900552E+00  4.594521790E+02
8.584476175E+00  4.339075623E+02
8.591051798E+00  4.094576111E+02
8.597627422E+00  3.848043823E+02
8.604203045E+00  3.613052063E+02
8.610778668E+00  3.376836548E+02
8.617354291E+00  3.160997009E+02
8.623929915E+00  2.949898682E+02
8.630505538E+00  2.753769226E+02
8.637081161E+00  2.568310852E+02
8.643656784E+00  2.380344238E+02
8.650232408E+00  2.217148285E+02
8.656808031E+00  2.063834381E+02
8.663383654E+00  1.921680603E+02
8.669959277E+00  1.782922668E+02
8.676534901E+00  1.649937439E+02
8.683110524E+00  1.536576691E+02
8.689686147E+00  1.447980957E+02
8.696261771E+00  1.367518921E+02
8.702837394E+00  1.275565567E+02
8.709413017E+00  1.173687744E+02
8.715988640E+00  1.093198318E+02
8.722564264E+00  1.028984375E+02
8.729139887E+00  9.586967468E+01
8.735715510E+00  8.882628632E+01
8.742291133E+00  8.378041840E+01
8.748866757E+00  7.946251678E+01
8.755442380E+00  7.519285583E+01
8.762018003E+00  7.123605347E+01
8.768593626E+00  6.786943054E+01
8.775169250E+00  6.505487823E+01
8.781744873E+00  6.071522141E+01
8.788320496E+00  5.659605408E+01
8.794896120E+00  5.332235336E+01
8.801471743E+00  5.045465088E+01
8.808047366E+00  4.847047043E+01
8.814622989E+00  4.723844528E+01
8.821198613E+00  4.428394699E+01
8.827774236E+00  4.186135101E+01
8.834349859E+00  3.910344696E+01
8.840925482E+00  3.624752426E+01
8.847501106E+00  3.373447037E+01
8.854076729E+00  3.220879364E+01
8.860652352E+00  3.144536400E+01
8.867227975E+00  3.028350639E+01
8.873803599E+00  2.860599709E+01
8.880379222E+00  2.778975296E+01
8.886954845E+00  2.904615974E+01
8.893530469E+00  2.903435135E+01
8.900106092E+00  2.689198303E+01
8.906681715E+00  2.508042717E+01
8.913257338E+00  2.408987236E+01
8.919832962E+00  2.276938629E+01
8.926408585E+00  2.133424950E+01
8.932984208E+00  2.132346725E+01
8.939559831E+00  1.838591194E+01
8.946135455E+00  1.659819031E+01
8.952711078E+00  1.568143368E+01
8.959286701E+00  1.784262276E+01
8.965862324E+00  1.852750015E+01
8.972437948E+00  1.808904076E+01
8.979013571E+00  1.716244698E+01
8.985589194E+00  1.697472191E+01
8.992164818E+00  1.595843315E+01
8.998740441E+00  1.574781513E+01
9.005316064E+00  1.484038353E+01
9.011891687E+00  1.398561192E+01
9.018467311E+00  1.355456161E+01
9.025042934E+00  1.420589161E+01
9.031618557E+00  1.426330853E+01
9.038194180E+00  1.239036274E+01
9.044769804E+00  9.812135696E+00
9.051345427E+00  7.587696075E+00
9.057921050E+00  5.705806255E+00
9.064496673E+00  4.539021969E+00
9.071072297E+00  5.962832451E+00
9.077647920E+00  6.270213604E+00
9.084223543E+00  8.096918106E+00
9.090799167E+00  6.755461693E+00
9.097374790E+00  5.698013783E+00
9.103950413E+00  4.125769615E+00
9.110526036E+00  2.295106173E+00
9.117101660E+00  2.456544161E+00
9.123677283E+00  2.747326851E+00
9.130252906E+00  3.698743820E+00
9.136828529E+00  3.766892910E+00
9.143404153E+00  4.685218334E+00
9.149979776E+00  4.139315128E+00
9.156555399E+00  4.163414955E+00
9.163131022E+00  4.253175735E+00
9.169706646E+00  5.822227001E+00
9.176282269E+00  6.213398933E+00
9.182857892E+00  6.999991417E+00
9.189433516E+00  6.239192963E+00
9.196009139E+00  5.245028496E+00
9.202584762E+00  5.890605450E+00
9.209160385E+00  7.342488289E+00
9.215736009E+00  7.760895252E+00
9.222311632E+00  8.002820969E+00
9.228887255E+00  8.072722435E+00
9.235462878E+00  8.126909256E+00
9.242038502E+00  8.061438560E+00
9.248614125E+00  8.358305931E+00
9.255189748E+00  9.190908432E+00
9.261765372E+00  8.135478973E+00
9.268340995E+00  7.302426338E+00
9.274916618E+00  7.204993248E+00
9.281492241E+00  8.141088486E+00
9.288067865E+00  8.906177521E+00
9.294643488E+00  1.018684006E+01
9.301219111E+00  1.105979252E+01
9.307794734E+00  1.050360489E+01
9.314370358E+00  1.042702198E+01
9.320945981E+00  9.883320808E+00
9.327521604E+00  1.059032822E+01
9.334097227E+00  1.063012886E+01
9.340672851E+00  1.170199490E+01
9.347248474E+00  1.216828346E+01
9.353824097E+00  1.253881264E+01
9.360399721E+00  1.217008114E+01
9.366975344E+00  1.300110817E+01
9.373550967E+00  1.375997353E+01
9.380126590E+00  1.553071594E+01
9.386702214E+00  1.608487511E+01
9.393277837E+00  1.732680130E+01
9.399853460E+00  1.696651268E+01
9.406429083E+00  1.763248444E+01
9.413004707E+00  1.835162735E+01
9.419580330E+00  2.028073883E+01
9.426155953E+00  2.160298347E+01
9.432731576E+00  2.133062744E+01
9.439307200E+00  2.082945633E+01
9.445882823E+00  2.241398621E+01
9.452458446E+00  2.444511604E+01
9.459034070E+00  2.775348091E+01
9.465609693E+00  3.078298950E+01
9.472185316E+00  3.275978470E+01
9.478760939E+00  3.578256607E+01
9.485336563E+00  3.737679291E+01
9.491912186E+00  3.990679169E+01
9.498487809E+00  4.149323273E+01
9.505063432E+00  4.674557114E+01
9.511639056E+00  5.154814529E+01
9.518214679E+00  5.884537125E+01
9.524790302E+00  6.536241150E+01
9.531365925E+00  7.130638123E+01
9.537941549E+00  7.706747437E+01
9.544517172E+00  8.471462250E+01
9.551092795E+00  9.339486694E+01
9.557668419E+00  1.033778152E+02
9.564244042E+00  1.179750595E+02
9.570819665E+00  1.315680237E+02
9.577395288E+00  1.456850891E+02
9.583970912E+00  1.579396210E+02
9.590546535E+00  1.715450592E+02
9.597122158E+00  1.820942535E+02
9.603697781E+00  1.935218353E+02
9.610273405E+00  2.049767914E+02
9.616849028E+00  2.201110687E+02
9.623424651E+00  2.382591705E+02
9.630000274E+00  2.566179504E+02
9.636575898E+00  2.762167664E+02
9.643151521E+00  2.955488281E+02
9.649727144E+00  3.173827820E+02
9.656302768E+00  3.487288818E+02
9.662878391E+00  3.755188293E+02
9.669454014E+00  4.167702942E+02
9.676029637E+00  4.475697021E+02
9.682605261E+00  4.785753479E+02
9.689180884E+00  5.021329041E+02
9.695756507E+00  5.321281738E+02
9.702332130E+00  5.515837402E+02
9.708907754E+00  5.767539062E+02
9.715483377E+00  5.923169556E+02
9.722059000E+00  6.151395874E+02
9.728634623E+00  6.307287598E+02
9.735210247E+00  6.489755249E+02
9.741785870E+00  6.664473267E+02
9.748361493E+00  6.833604126E+02
9.754937117E+00  6.995747681E+02
9.761512740E+00  7.138895874E+02
9.768088363E+00  7.192952271E+02
9.774663986E+00  7.181538696E+02
9.781239610E+00  7.123186646E+02
9.787815233E+00  6.978046875E+02
9.794390856E+00  6.773135986E+02
9.800966479E+00  6.499880371E+02
9.807542103E+00  6.177379761E+02
9.814117726E+00  5.809703369E+02
9.820693349E+00  5.431742554E+02
9.827268972E+00  5.071549377E+02
9.833844596E+00  4.739011230E+02
9.840420219E+00  4.423502808E+02
9.846995842E+00  4.108925781E+02
9.853571466E+00  3.801236572E+02
9.860147089E+00  3.513950806E+02
9.866722712E+00  3.264880981E+02
9.873298335E+00  3.062776794E+02
9.879873959E+00  2.854376526E+02
9.886449582E+00  2.661564331E+02
9.893025205E+00  2.489726105E+02
9.899600828E+00  2.343861847E+02
9.906176452E+00  2.216505280E+02
9.912752075E+00  2.110302887E+02
9.919327698E+00  2.021196899E+02
9.925903321E+00  1.943518219E+02
9.932478945E+00  1.874859619E+02
9.939054568E+00  1.804595795E+02
9.945630191E+00  1.745807800E+02
9.952205815E+00  1.704970093E+02
9.958781438E+00  1.671257477E+02
9.965357061E+00  1.640221405E+02
9.971932684E+00  1.627272186E+02
9.978508308E+00  1.629035492E+02
9.985083931E+00  1.630784760E+02
9.991659554E+00  1.637744446E+02
9.998235177E+00  1.646032715E+02
1.000481080E+01  1.657968597E+02
1.001138642E+01  1.671408539E+02
1.001796205E+01  1.659296875E+02
1.002453767E+01  1.634099121E+02
1.003111329E+01  1.598793488E+02
1.003768892E+01  1.578863525E+02
1.004426454E+01  1.560783386E+02
1.005084016E+01  1.556618347E+02
1.005741579E+01  1.534795837E+02
1.006399141E+01  1.505178833E+02
1.007056703E+01  1.474129486E+02
1.007714266E+01  1.435524292E+02
1.008371828E+01  1.402585449E+02
1.009029390E+01  1.380312500E+02
1.009686953E+01  1.353373260E+02
1.010344515E+01  1.296918182E+02
1.011002077E+01  1.247997742E+02
1.011659640E+01  1.207011719E+02
1.012317202E+01  1.160492554E+02
1.012974764E+01  1.108190765E+02
1.013632327E+01  1.038176651E+02
1.014289889E+01  9.738188171E+01
1.014947451E+01  9.265567780E+01
1.015605014E+01  8.736651611E+01
1.016262576E+01  8.200550842E+01
1.016920138E+01  7.672003174E+01
1.017577701E+01  7.180931091E+01
1.018235263E+01  6.807791901E+01
1.018892825E+01  6.403504944E+01
1.019550388E+01  5.978459549E+01
1.020207950E+01  5.493094254E+01
1.020865512E+01  5.136509323E+01
1.021523075E+01  4.867727661E+01
1.022180637E+01  4.545722580E+01
1.022838199E+01  4.212376785E+01
1.023495762E+01  4.023246384E+01
1.024153324E+01  3.865282440E+01
1.024810886E+01  3.726755905E+01
1.025468448E+01  3.393739319E+01
1.026126011E+01  3.235166931E+01
1.026783573E+01  3.127493858E+01
1.027441135E+01  3.127935791E+01
1.028098698E+01  3.235750198E+01
1.028756260E+01  3.362548447E+01
1.029413822E+01  3.372628021E+01
1.030071385E+01  3.311096954E+01
1.030728947E+01  3.168815613E+01
1.031386509E+01  3.148266220E+01
1.032044072E+01  3.107448769E+01
1.032701634E+01  3.105096054E+01
1.033359196E+01  3.067666245E+01
1.034016759E+01  3.073277855E+01
1.034674321E+01  3.017970276E+01
1.035331883E+01  2.842606735E+01
1.035989446E+01  2.693374252E+01
1.036647008E+01  2.642289352E+01
1.037304570E+01  2.582170677E+01
1.037962133E+01  2.546656799E+01
1.038619695E+01  2.344680023E+01
1.039277257E+01  2.423210144E+01
1.039934820E+01  2.310662270E+01
1.040592382E+01  2.349124146E+01
1.041249944E+01  2.354657555E+01
1.041907507E+01  2.554555702E+01
1.042565069E+01  2.518737984E+01
1.043222631E+01  2.552818108E+01
1.043880194E+01  2.458746910E+01
1.044537756E+01  2.489256477E+01
1.045195318E+01  2.572909164E+01
1.045852881E+01  2.558139801E+01
1.046510443E+01  2.308031273E+01
1.047168005E+01  2.212033463E+01
1.047825568E+01  2.015162086E+01
1.048483130E+01  1.827667046E+01
1.049140692E+01  1.678498459E+01
1.049798255E+01  1.515258121E+01
1.050455817E+01  1.538037586E+01
1.051113379E+01  1.720218658E+01
1.051770942E+01  1.894117546E+01
1.052428504E+01  1.980038261E+01
1.053086066E+01  1.842131424E+01
1.053743629E+01  1.629263687E+01
1.054401191E+01  1.351970196E+01
1.055058753E+01  1.227817059E+01
1.055716316E+01  1.316556168E+01
1.056373878E+01  1.326181221E+01
1.057031440E+01  1.450817394E+01
1.057689002E+01  1.284735394E+01
1.058346565E+01  1.074109173E+01
1.059004127E+01  8.603269577E+00
1.059661689E+01  5.967384815E+00
1.060319252E+01  4.737533569E+00
1.060976814E+01  4.243097305E+00
1.061634376E+01  5.017549992E+00
1.062291939E+01  5.740355968E+00
1.062949501E+01  7.158353806E+00
1.063607063E+01  8.025215149E+00
1.064264626E+01  8.339721680E+00
1.064922188E+01  7.956609249E+00
1.065579750E+01  7.706685066E+00
1.066237313E+01  7.819679260E+00
1.066894875E+01  8.778739929E+00
1.067552437E+01  7.676390171E+00
1.068210000E+01  6.792653084E+00
1.068867562E+01  5.611656189E+00
1.069525124E+01  5.963233471E+00
1.070182687E+01  6.054176807E+00
1.070840249E+01  6.721165657E+00
1.071497811E+01  7.212995529E+00
1.072155374E+01  7.679837227E+00
1.072812936E+01  7.221577168E+00
1.073470498E+01  6.835083485E+00
1.074128061E+01  6.798974037E+00
1.074785623E+01  7.803987026E+00
1.075443185E+01  7.300150394E+00
1.076100748E+01  7.012407780E+00
1.076758310E+01  5.779973984E+00
1.077415872E+01  2.679872751E+00
1.078073435E+01  1.247637033E+00
1.078730997E+01  1.820086002E+00
1.079388559E+01  7.809296250E-01
1.080046122E+01  -1.455344558E+00
1.080703684E+01  -1.199818015E+00
1.081361246E+01  -4.334139824E-02
1.082018809E+01  6.942477226E-01
1.082676371E+01  3.791632354E-01
1.083333933E+01  3.834946454E-01
1.083991496E+01  9.426288605E-01
1.084649058E+01  2.253882408E+00
1.085306620E+01  2.886168957E+00
1.085964183E+01  2.898651600E+00
1.086621745E+01  3.008710146E+00
1.087279307E+01  4.606101513E+00
1.087936870E+01  5.635769844E+00
1.088594432E+01  5.115427017E+00
1.089251994E+01  3.509570837E+00
1.089909556E+01  2.150874376E+00
1.090567119E+01  1.957956672E+00
1.091224681E+01  1.780108690E+00
1.091882243E+01  2.693678856E+00
1.092539806E+01  4.510373116E+00
1.093197368E+01  5.532135487E+00
1.093854930E+01  4.967652321E+00
1.094512493E+01  3.647682667E+00
1.095170055E+01  1.883942723E+00
1.095827617E+01  1.239614367E+00
1.096485180E+01  1.879928827E+00
1.097142742E+01  2.598533154E+00
1.097800304E+01  2.972274065E+00
1.098457867E+01  2.803091764E+00
1.099115429E+01  2.572120428E+00
1.099772991E+01  3.360098124E+00
1.100430554E+01  3.704297781E+00
1.101088116E+01  3.722552061E+00
1.101745678E+01  4.294403553E+00
1.102403241E+01  4.810616493E+00
1.103060803E+01  3.818195581E+00
1.103718365E+01  4.098998070E+00
1.104375928E+01  4.712215900E+00
1.105033490E+01  4.729236126E+00
1.105691052E+01  5.047119141E+00
1.106348615E+01  4.416917801E+00
1.107006177E+01  4.126783848E+00
1.107663739E+01  3.482435226E+00
1.108321302E+01  4.535185337E+00
1.108978864E+01  5.375398636E+00
1.109636426E+01  5.745284557E+00
1.110293989E+01  6.484699726E+00
1.110951551E+01  7.081927299E+00
1.111609113E+01  6.528171539E+00
1.112266676E+01  5.800467968E+00
1.112924238E+01  6.851428986E+00
1.113581800E+01  7.026727200E+00
1.114239363E+01  6.848296642E+00
1.114896925E+01  6.644219398E+00
1.115554487E+01  8.045793533E+00
1.116212050E+01  8.030503273E+00
1.116869612E+01  7.805811882E+00
1.117527174E+01  6.438552380E+00
1.118184737E+01  6.021435261E+00
1.118842299E+01  4.176466942E+00
1.119499861E+01  3.064715147E+00
1.120157424E+01  2.639728546E+00
1.120814986E+01  4.013259411E+00
1.121472548E+01  4.656436443E+00
1.122130111E+01  6.346055508E+00
1.122787673E+01  6.720731258E+00
1.123445235E+01  9.378066063E+00
1.124102797E+01  9.931291580E+00
1.124760360E+01  1.042967796E+01
1.125417922E+01  1.047230816E+01
1.126075484E+01  9.565005302E+00
1.126733047E+01  9.414772987E+00
1.127390609E+01  9.782328606E+00
1.128048171E+01  1.117498016E+01
1.128705734E+01  1.159564781E+01
1.129363296E+01  1.344374084E+01
1.130020858E+01  1.307668304E+01
1.130678421E+01  1.380210018E+01
1.131335983E+01  1.379090786E+01
1.131993545E+01  1.392496204E+01
1.132651108E+01  1.300458241E+01
1.133308670E+01  1.279347515E+01
1.133966232E+01  1.266179657E+01
1.134623795E+01  1.262814331E+01
1.135281357E+01  1.290985107E+01
1.135938919E+01  1.427796650E+01
1.136596482E+01  1.484338856E+01
1.137254044E+01  1.452072620E+01
1.137911606E+01  1.323387146E+01
1.138569169E+01  1.312986183E+01
1.139226731E+01  1.439479923E+01
1.139884293E+01  1.455951595E+01
1.140541856E+01  1.443902111E+01
1.141199418E+01  1.507293606E+01
1.141856980E+01  1.730508041E+01
1.142514543E+01  1.916921234E+01
1.143172105E+01  2.051940536E+01
1.143829667E+01  2.082496452E+01
1.144487230E+01  1.861182976E+01
1.145144792E+01  1.823504257E+01
1.145802354E+01  1.756185150E+01
1.146459917E+01  1.633108139E+01
1.147117479E+01  1.692119789E+01
1.147775041E+01  1.762717247E+01
1.148432604E+01  1.944807243E+01
1.149090166E+01  2.165200424E+01
1.149747728E+01  2.277513504E+01
1.150405291E+01  2.147764969E+01
1.151062853E+01  2.018194008E+01
1.151720415E+01  1.945882797E+01
1.152377978E+01  1.942014694E+01
1.153035540E+01  1.943846703E+01
1.153693102E+01  1.979504776E+01
1.154350665E+01  2.075551987E+01
1.155008227E+01  2.209917831E+01
1.155665789E+01  2.195590210E+01
1.156323351E+01  2.248437881E+01
1.156980914E+01  2.071096611E+01
1.157638476E+01  1.882851982E+01
1.158296038E+01  1.863488007E+01
1.158953601E+01  1.946889496E+01
1.159611163E+01  1.958494186E+01
1.160268725E+01  1.982821655E+01
1.160926288E+01  1.929049492E+01
1.161583850E+01  1.905817986E+01
1.162241412E+01  1.887392807E+01
1.162898975E+01  1.994474983E+01
1.163556537E+01  2.025207138E+01
1.164214099E+01  2.146969986E+01
1.164871662E+01  2.190328217E+01
1.165529224E+01  2.234430695E+01
1.166186786E+01  2.181717682E+01
1.166844349E+01  2.100498199E+01
1.167501911E+01  2.093213081E+01
1.168159473E+01  2.152732658E+01
1.168817036E+01  2.158744431E+01
1.169474598E+01  2.271111488E+01
1.170132160E+01  2.312149048E+01
1.170789723E+01  2.434738159E+01
1.171447285E+01  2.305726242E+01
1.172104847E+01  2.187126160E+01
1.172762410E+01  2.243099976E+01
1.173419972E+01  2.170231819E+01
1.174077534E+01  2.024042130E+01
1.174735097E+01  1.813127327E+01
1.175392659E+01  1.774990654E+01
1.176050221E+01  1.850163269E+01
1.176707784E+01  1.850025558E+01
1.177365346E+01  1.775070000E+01
1.178022908E+01  1.753182030E+01
1.178680471E+01  1.862100220E+01
1.179338033E+01  1.974095345E+01
1.179995595E+01  1.731603813E+01
1.180653158E+01  1.566222477E+01
1.181310720E+01  1.549440765E+01
1.181968282E+01  1.649818802E+01
1.182625845E+01  1.669851875E+01
1.183283407E+01  1.522728920E+01
1.183940969E+01  1.395613384E+01
1.184598532E+01  1.353891182E+01
1.185256094E+01  1.405184746E+01
1.185913656E+01  1.479381657E+01
1.186571219E+01  1.633273888E+01
1.187228781E+01  1.784541893E+01
1.187886343E+01  1.837828827E+01
1.188543906E+01  1.831761551E+01
1.189201468E+01  1.783434296E+01
1.189859030E+01  1.717801666E+01
1.190516592E+01  1.656790924E+01
1.191174155E+01  1.707680702E+01
1.191831717E+01  1.657485199E+01
1.192489279E+01  1.804303169E+01
1.193146842E+01  1.744083595E+01
1.193804404E+01  1.802658653E+01
1.194461966E+01  1.751563072E+01
1.195119529E+01  1.676296425E+01
1.195777091E+01  1.534232426E+01
1.196434653E+01  1.550909138E+01
1.197092216E+01  1.596444035E+01
1.197749778E+01  1.619226074E+01
1.198407340E+01  1.661540413E+01
1.199064903E+01  1.599070454E+01
1.199722465E+01  1.559940624E+01
1.200380027E+01  1.679404259E+01
1.201037590E+01  1.756142235E+01
1.201695152E+01  1.864225960E+01
1.202352714E+01  1.808732605E+01
1.203010277E+01  1.664758873E+01
1.203667839E+01  1.563602257E+01
1.204325401E+01  1.563611603E+01
1.204982964E+01  1.722256470E+01
1.205640526E+01  1.655404663E+01
1.206298088E+01  1.674334908E+01
1.206955651E+01  1.624261093E+01
1.207613213E+01  1.651715469E+01
1.208270775E+01  1.532381153E+01
1.208928338E+01  1.524802589E+01
1.209585900E+01  1.498999023E+01
1.210243462E+01  1.412440968E+01
1.210901025E+01  1.463907909E+01
1.211558587E+01  1.658038712E+01
1.212216149E+01  1.767246056E+01
1.212873712E+01  1.846706581E+01
1.213531274E+01  1.943247223E+01
1.214188836E+01  1.989144707E+01
1.214846399E+01  1.982887077E+01
1.215503961E+01  1.866419029E+01
1.216161523E+01  1.772262001E+01
1.216819086E+01  1.744900894E+01
1.217476648E+01  1.835021400E+01
1.218134210E+01  1.726268578E+01
1.218791773E+01  1.696770287E+01
1.219449335E+01  1.688668060E+01
1.220106897E+01  1.729113388E+01
1.220764460E+01  1.751116943E+01
1.221422022E+01  1.738422585E+01
1.222079584E+01  1.675457382E+01
1.222737146E+01  1.792839813E+01
1.223394709E+01  1.962301826E+01
1.224052271E+01  2.164804077E+01
1.224709833E+01  2.154353905E+01
1.225367396E+01  2.099850845E+01
1.226024958E+01  2.028740120E+01
1.226682520E+01  2.215829277E+01
1.227340083E+01  2.301746368E+01
1.227997645E+01  2.240156937E+01
1.228655207E+01  2.215633774E+01
1.229312770E+01  2.193267822E+01
1.229970332E+01  2.152309227E+01
1.230627894E+01  2.311314964E+01
1.231285457E+01  2.545531654E+01
1.231943019E+01  2.681962776E+01
1.232600581E+01  2.636088371E+01
1.233258144E+01  2.610400200E+01
1.233915706E+01  2.561491203E+01
1.234573268E+01  2.591754532E+01
1.235230831E+01  2.635175323E+01
1.235888393E+01  2.809820175E+01
1.236545955E+01  2.835366821E+01
1.237203518E+01  2.931541824E+01
1.237861080E+01  3.111820984E+01
1.238518642E+01  3.369709396E+01
1.239176205E+01  3.485675430E+01
1.239833767E+01  3.515967178E+01
1.240491329E+01  3.500085831E+01
1.241148892E+01  3.495988464E+01
1.241806454E+01  3.449230194E+01
1.242464016E+01  3.626752472E+01
1.243121579E+01  3.915027618E+01
1.243779141E+01  4.273721695E+01
1.244436703E+01  4.491895294E+01
1.245094266E+01  4.567446136E+01
1.245751828E+01  4.621611786E+01
1.246409390E+01  4.637398529E+01
1.247066953E+01  4.636092377E+01
1.247724515E+01  4.651871109E+01
1.248382077E+01  4.665493774E+01
1.249039640E+01  4.571342850E+01
1.249697202E+01  4.513850021E+01
1.250354764E+01  4.648042297E+01
1.251012327E+01  4.643253326E+01
1.251669889E+01  4.716669083E+01
1.252327451E+01  4.705543518E+01
1.252985014E+01  4.750548553E+01
1.253642576E+01  4.855296326E+01
1.254300138E+01  4.871591949E+01
1.254957700E+01  4.710615921E+01
1.255615263E+01  4.505179977E+01
1.256272825E+01  4.517391968E+01
1.256930387E+01  4.646665955E+01
1.257587950E+01  4.752669144E+01
1.258245512E+01  4.879053497E+01
1.258903074E+01  4.806140900E+01
1.259560637E+01  4.826753616E+01
1.260218199E+01  4.999729538E+01
1.260875761E+01  5.030831146E+01
1.261533324E+01  5.069276810E+01
1.262190886E+01  5.033914948E+01
1.262848448E+01  4.971962357E+01
1.263506011E+01  4.855539322E+01
1.264163573E+01  4.612331390E+01
1.264821135E+01  4.518120956E+01
1.265478698E+01  4.477693558E+01
1.266136260E+01  4.575229645E+01
1.266793822E+01  4.672546005E+01
1.267451385E+01  4.778188324E+01
1.268108947E+01  4.635076904E+01
1.268766509E+01  4.489110565E+01
1.269424072E+01  4.505572891E+01
1.270081634E+01  4.639981842E+01
1.270739196E+01  4.977835083E+01
1.271396759E+01  5.270598221E+01
1.272054321E+01  5.334041977E+01
1.272711883E+01  5.282472610E+01
1.273369446E+01  5.252559662E+01
1.274027008E+01  5.173599625E+01
1.274684570E+01  5.146323395E+01
1.275342133E+01  5.202566147E+01
1.275999695E+01  5.222990799E+01
1.276657257E+01  5.149539566E+01
1.277314820E+01  5.016145325E+01
1.277972382E+01  4.933744812E+01
1.278629944E+01  4.970255280E+01
1.279287507E+01  4.961368179E+01
1.279945069E+01  5.010205841E+01
1.280602631E+01  4.977508545E+01
1.281260194E+01  4.961759186E+01
1.281917756E+01  4.952066803E+01
1.282575318E+01  5.068301392E+01
1.283232881E+01  5.057676697E+01
1.283890443E+01  5.010082245E+01
1.284548005E+01  4.972438812E+01
1.285205568E+01  4.988346100E+01
1.285863130E+01  5.001698303E+01
1.286520692E+01  4.987491226E+01
1.287178255E+01  5.033173370E+01
1.287835817E+01  5.021016693E+01
1.288493379E+01  4.861613846E+01
1.289150941E+01  4.695147324E+01
1.289808504E+01  4.552228928E+01
1.290466066E+01  4.515766525E+01
1.291123628E+01  4.406655502E+01
1.291781191E+01  4.336123657E+01
1.292438753E+01  4.182146835E+01
1.293096315E+01  4.100094604E+01
1.293753878E+01  3.908372116E+01
1.294411440E+01  3.778511429E+01
1.295069002E+01  3.680774307E+01
1.295726565E+01  3.620872116E+01
1.296384127E+01  3.674975586E+01
1.297041689E+01  3.600310135E+01
1.297699252E+01  3.529785538E+01
1.298356814E+01  3.474387360E+01
1.299014376E+01  3.408480835E+01
1.299671939E+01  3.264536285E+01
1.300329501E+01  3.239917755E+01
1.300987063E+01  3.280328369E+01
1.301644626E+01  3.265749741E+01
1.302302188E+01  3.302481461E+01
1.302959750E+01  3.234616470E+01
1.303617313E+01  3.046091652E+01
1.304274875E+01  2.948188210E+01
1.304932437E+01  3.022939110E+01
1.305590000E+01  3.072348022E+01
1.306247562E+01  2.892364693E+01
1.306905124E+01  2.632893562E+01
1.307562687E+01  2.497891998E+01
1.308220249E+01  2.240243530E+01
1.308877811E+01  2.236513519E+01
1.309535374E+01  2.356821632E+01
1.310192936E+01  2.568553734E+01
1.310850498E+01  2.573519135E+01
1.311508061E+01  2.426701355E+01
1.312165623E+01  2.297146225E+01
1.312823185E+01  2.420648193E+01
1.313480748E+01  2.455754662E+01
1.314138310E+01  2.340017891E+01
1.314795872E+01  2.225149918E+01
1.315453435E+01  2.160421181E+01
1.316110997E+01  2.289096451E+01
1.316768559E+01  2.166305733E+01
1.317426122E+01  1.994102669E+01
1.318083684E+01  1.796709061E+01
1.318741246E+01  1.694245148E+01
1.319398809E+01  1.805414581E+01
1.320056371E+01  1.742574120E+01
1.320713933E+01  1.497914028E+01
1.321371495E+01  1.176808071E+01
1.322029058E+01  1.080528831E+01
1.322686620E+01  8.691863060E+00
1.323344182E+01  7.002053261E+00
1.324001745E+01  6.197801113E+00
1.324659307E+01  6.761556625E+00
1.325316869E+01  6.937489986E+00
1.325974432E+01  8.009321213E+00
1.326631994E+01  7.809600353E+00
1.327289556E+01  7.209940434E+00
1.327947119E+01  6.513106823E+00
1.328604681E+01  5.696671486E+00
1.329262243E+01  5.162035465E+00
1.329919806E+01  4.769097328E+00
1.330577368E+01  4.212228775E+00
1.331234930E+01  3.617444754E+00
1.331892493E+01  4.204511166E+00
1.332550055E+01  4.550618649E+00
1.333207617E+01  5.408250809E+00
1.333865180E+01  5.092883110E+00
1.334522742E+01  4.727609634E+00
1.335180304E+01  4.439432621E+00
1.335837867E+01  4.165415764E+00
1.336495429E+01  3.632663012E+00
1.337152991E+01  4.521894932E+00
1.337810554E+01  5.193520546E+00
1.338468116E+01  4.496233940E+00
1.339125678E+01  3.999921322E+00
1.339783241E+01  4.212948799E+00
1.340440803E+01  4.428351879E+00
1.341098365E+01  7.494344711E+00
1.341755928E+01  9.205430984E+00
1.342413490E+01  1.154508400E+01
1.343071052E+01  1.270624733E+01
1.343728615E+01  1.293216324E+01
1.344386177E+01  1.248169804E+01
1.345043739E+01  1.220600510E+01
1.345701302E+01  1.125409222E+01
1.346358864E+01  1.089410686E+01
1.347016426E+01  1.213247871E+01
1.347673989E+01  1.351226044E+01
1.348331551E+01  1.448421955E+01
1.348989113E+01  1.486142921E+01
1.349646676E+01  1.754192162E+01
1.350304238E+01  2.148818588E+01
1.350961800E+01  2.666075325E+01
1.351619363E+01  3.026722908E+01
1.352276925E+01  3.222615051E+01
1.352934487E+01  3.544824982E+01
1.353592050E+01  3.954444122E+01
1.354249612E+01  4.286198044E+01
1.354907174E+01  4.637164688E+01
1.355564736E+01  4.969607544E+01
1.356222299E+01  5.243202591E+01
1.356879861E+01  5.544919586E+01
1.357537423E+01  5.934336853E+01
1.358194986E+01  6.359458923E+01
1.358852548E+01  6.758232880E+01
1.359510110E+01  7.229102325E+01
1.360167673E+01  7.517679596E+01
1.360825235E+01  7.950484467E+01
1.361482797E+01  8.509212494E+01
1.362140360E+01  9.136301422E+01
1.362797922E+01  9.821796417E+01
1.363455484E+01  1.054006729E+02
1.364113047E+01  1.129180298E+02
1.364770609E+01  1.188115997E+02
1.365428171E+01  1.252669678E+02
1.366085734E+01  1.303842773E+02
1.366743296E+01  1.365464020E+02
1.367400858E+01  1.438959503E+02
1.368058421E+01  1.531697845E+02
1.368715983E+01  1.610549622E+02
1.369373545E+01  1.689963226E+02
1.370031108E+01  1.777288055E+02
1.370688670E+01  1.871733093E+02
1.371346232E+01  1.968020477E+02
1.372003795E+01  2.069666443E+02
1.372661357E+01  2.191509705E+02
1.373318919E+01  2.339034424E+02
1.373976482E+01  2.503407745E+02
1.374634044E+01  2.679424744E+02
1.375291606E+01  2.831236572E+02
1.375949169E+01  2.980356750E+02
1.376606731E+01  3.146819763E+02
1.377264293E+01  3.312823486E+02
1.377921856E+01  3.457704163E+02
1.378579418E+01  3.607921448E+02
1.379236980E+01  3.745927429E+02
1.379894543E+01  3.880315857E+02
1.380552105E+01  3.996541138E+02
1.381209667E+01  4.092968140E+02
1.381867230E+01  4.144054565E+02
1.382524792E+01  4.166217041E+02
1.383182354E+01  4.208645020E+02
1.383839917E+01  4.224786377E+02
1.384497479E+01  4.220285645E+02
1.385155041E+01  4.160685120E+02
1.385812604E+01  4.085345459E+02
1.386470166E+01  4.043465881E+02
1.387127728E+01  4.001531372E+02
1.387785290E+01  3.940435181E+02
1.388442853E+01  3.861452332E+02
1.389100415E+01  3.782956848E+02
1.389757977E+01  3.689304504E+02
1.390415540E+01  3.571320190E+02
1.391073102E+01  3.463663025E+02
1.391730664E+01  3.344139709E+02
1.392388227E+01  3.213918152E+02
1.393045789E+01  3.055146484E+02
1.393703351E+01  2.933786621E+02
1.394360914E+01  2.856201172E+02
1.395018476E+01  2.790651550E+02
1.395676038E+01  2.707108459E+02
1.396333601E+01  2.636377869E+02
1.396991163E+01  2.567697449E+02
1.397648725E+01  2.511833801E+02
1.398306288E+01  2.449597473E+02
1.398963850E+01  2.388561401E+02
1.399621412E+01  2.320063324E+02
1.400278975E+01  2.252770081E+02
1.400936537E+01  2.180543671E+02
1.401594099E+01  2.116479340E+02
1.402251662E+01  2.080318298E+02
1.402909224E+01  2.029056854E+02
1.403566786E+01  1.972909851E+02
1.404224349E+01  1.920460663E+02
1.404881911E+01  1.861166992E+02
1.405539473E+01  1.791170807E+02
1.406197036E+01  1.728748169E+02
1.406854598E+01  1.685099640E+02
1.407512160E+01  1.655849762E+02
1.408169723E+01  1.603312378E+02
1.408827285E+01  1.543156128E+02
1.409484847E+01  1.483212128E+02
1.410142410E+01  1.432225189E+02
1.410799972E+01  1.385272675E+02
1.411457534E+01  1.345488739E+02
1.412115097E+01  1.289205933E+02
1.412772659E+01  1.240046539E+02
1.413430221E+01  1.188459244E+02
1.414087784E+01  1.159936523E+02
1.414745346E+01  1.129223785E+02
1.415402908E+01  1.109191589E+02
1.416060471E+01  1.074131165E+02
1.416718033E+01  1.028534164E+02
1.417375595E+01  9.750708008E+01
1.418033158E+01  9.311965179E+01
1.418690720E+01  9.070472717E+01
1.419348282E+01  8.881987762E+01
1.420005844E+01  8.697186279E+01
1.420663407E+01  8.384714508E+01
1.421320969E+01  8.167613220E+01
1.421978531E+01  7.934987640E+01
1.422636094E+01  7.602700806E+01
1.423293656E+01  7.231390381E+01
1.423951218E+01  6.996099854E+01
1.424608781E+01  6.868356323E+01
1.425266343E+01  6.690145874E+01
1.425923905E+01  6.520886230E+01
1.426581468E+01  6.245775604E+01
1.427239030E+01  6.030922699E+01
1.427896592E+01  5.781691742E+01
1.428554155E+01  5.589337158E+01
1.429211717E+01  5.402680206E+01
1.429869279E+01  5.264440155E+01
1.430526842E+01  5.001466370E+01
1.431184404E+01  4.706233215E+01
1.431841966E+01  4.495921707E+01
1.432499529E+01  4.276922226E+01
1.433157091E+01  4.112656784E+01
1.433814653E+01  3.917181015E+01
1.434472216E+01  3.792978668E+01
1.435129778E+01  3.515629959E+01
1.435787340E+01  3.236299133E+01
1.436444903E+01  3.048486328E+01
1.437102465E+01  3.025133514E+01
1.437760027E+01  2.883958626E+01
1.438417590E+01  2.616653633E+01
1.439075152E+01  2.392303658E+01
1.439732714E+01  2.353040123E+01
1.440390277E+01  2.276004219E+01
1.441047839E+01  2.244880104E+01
1.441705401E+01  2.077628899E+01
1.442362964E+01  1.957153320E+01
1.443020526E+01  1.675584793E+01
1.443678088E+01  1.485893917E+01
1.444335651E+01  1.420641518E+01
1.444993213E+01  1.442173481E+01
1.445650775E+01  1.386663532E+01
1.446308338E+01  1.238772011E+01
1.446965900E+01  1.038286018E+01
1.447623462E+01  9.891042709E+00
1.448281025E+01  1.069929695E+01
1.448938587E+01  1.148381805E+01
1.449596149E+01  1.132655907E+01
1.450253712E+01  1.153115654E+01
1.450911274E+01  1.017761421E+01
1.451568836E+01  8.919177055E+00
1.452226399E+01  6.589757442E+00
1.452883961E+01  5.655103683E+00
1.453541523E+01  5.868074894E+00
1.454199085E+01  5.986902714E+00
1.454856648E+01  6.003707409E+00
1.455514210E+01  6.379360199E+00
1.456171772E+01  6.428738117E+00
1.456829335E+01  7.331954002E+00
1.457486897E+01  7.497638702E+00
1.458144459E+01  6.869580269E+00
1.458802022E+01  5.654263973E+00
1.459459584E+01  3.993236542E+00
1.460117146E+01  3.694549084E+00
1.460774709E+01  3.653657198E+00
1.461432271E+01  4.340725899E+00
1.462089833E+01  4.910002708E+00
1.462747396E+01  4.164175510E+00
1.463404958E+01  3.376147985E+00
1.464062520E+01  2.712867975E+00
1.464720083E+01  3.076636791E+00
1.465377645E+01  3.663213491E+00
1.466035207E+01  4.214745522E+00
1.466692770E+01  4.113518238E+00
1.467350332E+01  4.229609966E+00
1.468007894E+01  4.121576786E+00
1.468665457E+01  4.621414185E+00
1.469323019E+01  4.893635273E+00
1.469980581E+01  5.128146648E+00
1.470638144E+01  6.083701134E+00
1.471295706E+01  5.609872818E+00
1.471953268E+01  4.776939392E+00
1.472610831E+01  3.336329460E+00
1.473268393E+01  3.559004307E+00
1.473925955E+01  5.481060982E+00
1.474583518E+01  6.199142933E+00
1.475241080E+01  5.799640179E+00
1.475898642E+01  6.154585838E+00
1.476556205E+01  6.901638031E+00
1.477213767E+01  7.548572540E+00
1.477871329E+01  8.222303391E+00
1.478528892E+01  8.869082451E+00
1.479186454E+01  8.861916542E+00
1.479844016E+01  9.634849548E+00
1.480501579E+01  1.037387657E+01
1.481159141E+01  1.159067726E+01
1.481816703E+01  1.228325844E+01
1.482474266E+01  1.099015331E+01
1.483131828E+01  9.170796394E+00
1.483789390E+01  7.810498714E+00
1.484446953E+01  6.758830070E+00
1.485104515E+01  7.117802620E+00
1.485762077E+01  8.181322098E+00
1.486419639E+01  8.297008514E+00
1.487077202E+01  8.923809052E+00
1.487734764E+01  8.877603531E+00
1.488392326E+01  8.518711090E+00
1.489049889E+01  9.195729256E+00
1.489707451E+01  9.020442009E+00
1.490365013E+01  7.506001949E+00
1.491022576E+01  4.577672958E+00
1.491680138E+01  2.681715727E+00
1.492337700E+01  3.675526619E+00
1.492995263E+01  7.835936069E+00
1.493652825E+01  9.837238312E+00
1.494310387E+01  1.160226536E+01
1.494967950E+01  1.177894497E+01
1.495625512E+01  1.109968472E+01
1.496283074E+01  9.646987915E+00
1.496940637E+01  9.335880280E+00
1.497598199E+01  9.426605225E+00
1.498255761E+01  9.472374916E+00
1.498913324E+01  9.166541100E+00
1.499570886E+01  9.057435989E+00
1.500228448E+01  1.068265343E+01
1.500886011E+01  1.310761833E+01
1.501543573E+01  1.406719017E+01
1.502201135E+01  1.371029282E+01
1.502858698E+01  1.283282375E+01
1.503516260E+01  1.123898125E+01
1.504173822E+01  1.082280636E+01
1.504831385E+01  9.888987541E+00
1.505488947E+01  1.042677975E+01
1.506146509E+01  1.169497204E+01
1.506804072E+01  1.215108299E+01
1.507461634E+01  1.204413223E+01
1.508119196E+01  1.173349285E+01
1.508776759E+01  1.233195210E+01
1.509434321E+01  1.215786362E+01
1.510091883E+01  1.319364357E+01
1.510749446E+01  1.284553242E+01
1.511407008E+01  1.179516125E+01
1.512064570E+01  1.091898155E+01
1.512722133E+01  1.062713718E+01
1.513379695E+01  9.584162712E+00
1.514037257E+01  8.456544876E+00
1.514694820E+01  7.994264603E+00
1.515352382E+01  8.290562630E+00
1.516009944E+01  1.003438091E+01
1.516667507E+01  1.147178936E+01
1.517325069E+01  1.169260597E+01
1.517982631E+01  1.108645153E+01
1.518640194E+01  1.157663822E+01
1.519297756E+01  1.097954369E+01
1.519955318E+01  1.107541180E+01
1.520612880E+01  1.009712124E+01
1.521270443E+01  9.174037933E+00
1.521928005E+01  8.121072769E+00
1.522585567E+01  9.477257729E+00
1.523243130E+01  1.016151047E+01
1.523900692E+01  1.119186878E+01
1.524558254E+01  1.096283722E+01
1.525215817E+01  1.065896130E+01
1.525873379E+01  1.177973080E+01
1.526530941E+01  1.286320972E+01
1.527188504E+01  1.308369637E+01
1.527846066E+01  1.288795376E+01
1.528503628E+01  1.222567558E+01
1.529161191E+01  1.215007687E+01
1.529818753E+01  1.200148201E+01
1.530476315E+01  1.244541740E+01
1.531133878E+01  1.335590839E+01
1.531791440E+01  1.405815506E+01
1.532449002E+01  1.318302536E+01
1.533106565E+01  1.123590279E+01
1.533764127E+01  1.018799686E+01
1.534421689E+01  9.971942902E+00
1.535079252E+01  9.685910225E+00
1.535736814E+01  1.093197441E+01
1.536394376E+01  1.028731346E+01
1.537051939E+01  9.715339661E+00
1.537709501E+01  9.034933090E+00
1.538367063E+01  8.653356552E+00
1.539024626E+01  7.709807873E+00
1.539682188E+01  8.373270035E+00
1.540339750E+01  1.017161369E+01
1.540997313E+01  1.226308060E+01
1.541654875E+01  1.303979778E+01
1.542312437E+01  1.300473118E+01
1.542970000E+01  1.122578526E+01
1.543627562E+01  8.780140877E+00
1.544285124E+01  6.818705559E+00
1.544942687E+01  7.466990948E+00
1.545600249E+01  6.519451141E+00
1.546257811E+01  5.858913422E+00
1.546915374E+01  6.096227169E+00
1.547572936E+01  7.261668205E+00
1.548230498E+01  8.144295692E+00
1.548888061E+01  8.560993195E+00
1.549545623E+01  8.759301186E+00
1.550203185E+01  8.200617790E+00
1.550860748E+01  6.156394005E+00
1.551518310E+01  5.851195335E+00
1.552175872E+01  6.274715424E+00
1.552833434E+01  5.758925915E+00
1.553490997E+01  4.920944214E+00
1.554148559E+01  4.598583221E+00
1.554806121E+01  3.563728809E+00
1.555463684E+01  2.225954533E+00
1.556121246E+01  3.327344656E+00
1.556778808E+01  4.826285839E+00
1.557436371E+01  5.568363667E+00
1.558093933E+01  6.314197063E+00
1.558751495E+01  5.282406807E+00
1.559409058E+01  5.761434078E+00
1.560066620E+01  6.250163555E+00
1.560724182E+01  5.442302227E+00
1.561381745E+01  4.804992199E+00
1.562039307E+01  3.963089466E+00
1.562696869E+01  2.787055016E+00
1.563354432E+01  3.167859316E+00
1.564011994E+01  4.992568970E+00
1.564669556E+01  5.226866245E+00
1.565327119E+01  4.973158836E+00
1.565984681E+01  5.224483490E+00
1.566642243E+01  4.807869911E+00
1.567299806E+01  3.541565418E+00
1.567957368E+01  3.091484547E+00
1.568614930E+01  3.724625826E+00
1.569272493E+01  3.226066113E+00
1.569930055E+01  2.348180056E+00
1.570587617E+01  2.485445738E+00
1.571245180E+01  9.923165441E-01
1.571902742E+01  4.992148280E-02
1.572560304E+01  -6.352040768E-01
1.573217867E+01  -8.257464767E-01
1.573875429E+01  -3.708007038E-01
1.574532991E+01  -9.844853729E-02
1.575190554E+01  6.266248822E-01
1.575848116E+01  1.836236477E+00
1.576505678E+01  3.888880968E+00
1.577163241E+01  3.961429834E+00
1.577820803E+01  3.002744675E+00
1.578478365E+01  3.282504559E+00
1.579135928E+01  3.149995089E+00
1.579793490E+01  3.877856970E+00
1.580451052E+01  4.504370689E+00
1.581108615E+01  5.865683079E+00
1.581766177E+01  6.811136246E+00
1.582423739E+01  6.341452599E+00
1.583081302E+01  7.955411911E+00
1.583738864E+01  9.582955360E+00
1.584396426E+01  1.056077003E+01
1.585053988E+01  9.109828949E+00
1.585711551E+01  7.781674385E+00
1.586369113E+01  6.687912941E+00
1.587026675E+01  7.766812801E+00
1.587684238E+01  9.275001526E+00
1.588341800E+01  9.304068565E+00
1.588999362E+01  9.039349556E+00
1.589656925E+01  8.734537125E+00
1.590314487E+01  9.826421738E+00
1.590972049E+01  9.346028328E+00
1.591629612E+01  1.009683323E+01
1.592287174E+01  9.860332489E+00
1.592944736E+01  1.140336037E+01
1.593602299E+01  1.270124054E+01
1.594259861E+01  1.411013985E+01
1.594917423E+01  1.389295197E+01
1.595574986E+01  1.456939316E+01
1.596232548E+01  1.530467319E+01
1.596890110E+01  1.767951202E+01
1.597547673E+01  2.019112396E+01
1.598205235E+01  2.200418282E+01
1.598862797E+01  2.328384018E+01
1.599520360E+01  2.568546104E+01
1.600177922E+01  2.842543983E+01
1.600835484E+01  3.179143715E+01
1.601493047E+01  3.469952393E+01
1.602150609E+01  3.743245316E+01
1.602808171E+01  4.023341370E+01
1.603465734E+01  4.386365509E+01
1.604123296E+01  4.790765762E+01
1.604780858E+01  5.169256210E+01
1.605438421E+01  5.428427505E+01
1.606095983E+01  5.918228912E+01
1.606753545E+01  6.457603455E+01
1.607411108E+01  6.997817230E+01
1.608068670E+01  7.446484375E+01
1.608726232E+01  8.196179199E+01
1.609383795E+01  8.911058807E+01
1.610041357E+01  9.748638916E+01
1.610698919E+01  1.068528366E+02
1.611356482E+01  1.176263962E+02
1.612014044E+01  1.252255020E+02
1.612671606E+01  1.354020844E+02
1.613329169E+01  1.453675690E+02
1.613986731E+01  1.575315857E+02
1.614644293E+01  1.697950439E+02
1.615301856E+01  1.823942566E+02
1.615959418E+01  1.924498444E+02
1.616616980E+01  2.030643768E+02
1.617274543E+01  2.150079193E+02
1.617932105E+01  2.286066742E+02
1.618589667E+01  2.421736908E+02
1.619247229E+01  2.551782684E+02
1.619904792E+01  2.700203857E+02
1.620562354E+01  2.851307678E+02
1.621219916E+01  3.016145020E+02
1.621877479E+01  3.169032898E+02
1.622535041E+01  3.293469238E+02
1.623192603E+01  3.400870361E+02
1.623850166E+01  3.482370605E+02
1.624507728E+01  3.552145996E+02
1.625165290E+01  3.612150879E+02
1.625822853E+01  3.648362732E+02
1.626480415E+01  3.663361206E+02
1.627137977E+01  3.644076538E+02
1.627795540E+01  3.616710510E+02
1.628453102E+01  3.556460266E+02
1.629110664E+01  3.500221252E+02
1.629768227E+01  3.419166260E+02
1.630425789E+01  3.351665955E+02
1.631083351E+01  3.285392151E+02
1.631740914E+01  3.226400452E+02
1.632398476E+01  3.143690796E+02
1.633056038E+01  3.066477661E+02
1.633713601E+01  2.997178955E+02
1.634371163E+01  2.923456421E+02
1.635028725E+01  2.858669739E+02
1.635686288E+01  2.793962097E+02
1.636343850E+01  2.725339661E+02
1.637001412E+01  2.633490906E+02
1.637658975E+01  2.540979462E+02
1.638316537E+01  2.446760406E+02
1.638974099E+01  2.366136322E+02
1.639631662E+01  2.298067169E+02
1.640289224E+01  2.218455811E+02
1.640946786E+01  2.135095062E+02
1.641604349E+01  2.047227325E+02
1.642261911E+01  1.947772217E+02
1.642919473E+01  1.855108032E+02
1.643577036E+01  1.774463654E+02
1.644234598E+01  1.705618896E+02
1.644892160E+01  1.643211670E+02
1.645549723E+01  1.571259766E+02
1.646207285E+01  1.492287140E+02
1.646864847E+01  1.411737366E+02
1.647522410E+01  1.338984833E+02
1.648179972E+01  1.273164749E+02
1.648837534E+01  1.219618301E+02
1.649495097E+01  1.164536362E+02
1.650152659E+01  1.105794449E+02
1.650810221E+01  1.039583664E+02
1.651467783E+01  9.838381958E+01
1.652125346E+01  9.310529327E+01
1.652782908E+01  8.777901459E+01
1.653440470E+01  8.256513977E+01
1.654098033E+01  7.784355164E+01
1.654755595E+01  7.304442596E+01
1.655413157E+01  6.632353973E+01
1.656070720E+01  6.118628693E+01
1.656728282E+01  5.784510422E+01
1.657385844E+01  5.666428375E+01
1.658043407E+01  5.381574249E+01
1.658700969E+01  5.192989731E+01
1.659358531E+01  4.998825073E+01
1.660016094E+01  4.696448898E+01
1.660673656E+01  4.374539185E+01
1.661331218E+01  4.214205170E+01
1.661988781E+01  4.239183807E+01
1.662646343E+01  4.246306610E+01
1.663303905E+01  4.181723022E+01
1.663961468E+01  4.131180191E+01
1.664619030E+01  3.893413925E+01
1.665276592E+01  3.941036224E+01
1.665934155E+01  4.043778610E+01
1.666591717E+01  4.135530472E+01
1.667249279E+01  4.162583923E+01
1.667906842E+01  4.278456879E+01
1.668564404E+01  4.390327454E+01
1.669221966E+01  4.509524536E+01
1.669879529E+01  4.546349335E+01
1.670537091E+01  4.717890549E+01
1.671194653E+01  4.752074051E+01
1.671852216E+01  4.743232346E+01
1.672509778E+01  4.871389771E+01
1.673167340E+01  5.087810135E+01
1.673824903E+01  5.217729950E+01
1.674482465E+01  5.372030640E+01
1.675140027E+01  5.428437805E+01
1.675797590E+01  5.620243073E+01
1.676455152E+01  5.740893555E+01
1.677112714E+01  5.848532486E+01
1.677770277E+01  5.933871841E+01
1.678427839E+01  6.128199005E+01
1.679085401E+01  6.293660736E+01
1.679742964E+01  6.684835052E+01
1.680400526E+01  7.012208557E+01
1.681058088E+01  7.383630371E+01
1.681715651E+01  7.528484344E+01
1.682373213E+01  7.618585968E+01
1.683030775E+01  7.755047607E+01
1.683688338E+01  8.055827332E+01
1.684345900E+01  8.325018311E+01
1.685003462E+01  8.788051605E+01
1.685661024E+01  9.136813354E+01
1.686318587E+01  9.571005249E+01
1.686976149E+01  1.002377396E+02
1.687633711E+01  1.039042816E+02
1.688291274E+01  1.107472305E+02
1.688948836E+01  1.189140167E+02
1.689606398E+01  1.232249374E+02
1.690263961E+01  1.271736298E+02
1.690921523E+01  1.325364532E+02
1.691579085E+01  1.391366577E+02
1.692236648E+01  1.444308014E+02
1.692894210E+01  1.490961304E+02
1.693551772E+01  1.527274017E+02
1.694209335E+01  1.549232941E+02
1.694866897E+01  1.563830109E+02
1.695524459E+01  1.582721558E+02
1.696182022E+01  1.599081116E+02
1.696839584E+01  1.597215729E+02
1.697497146E+01  1.568551636E+02
1.698154709E+01  1.536672821E+02
1.698812271E+01  1.503386230E+02
1.699469833E+01  1.466221161E+02
1.700127396E+01  1.407521515E+02
1.700784958E+01  1.333883667E+02
1.701442520E+01  1.277871246E+02
1.702100083E+01  1.225162582E+02
1.702757645E+01  1.145293427E+02
1.703415207E+01  1.073219299E+02
1.704072770E+01  1.018846970E+02
1.704730332E+01  9.884841919E+01
1.705387894E+01  9.581360626E+01
1.706045457E+01  9.324402618E+01
1.706703019E+01  9.016448212E+01
1.707360581E+01  8.718128967E+01
1.708018144E+01  8.312587738E+01
1.708675706E+01  7.990876007E+01
1.709333268E+01  7.578368378E+01
1.709990831E+01  7.254738617E+01
1.710648393E+01  7.049463654E+01
1.711305955E+01  6.817752075E+01
1.711963518E+01  6.592057800E+01
1.712621080E+01  6.316751099E+01
1.713278642E+01  6.041229630E+01
1.713936205E+01  5.768992996E+01
1.714593767E+01  5.491384125E+01
1.715251329E+01  5.221571732E+01
1.715908892E+01  4.998751068E+01
1.716566454E+01  4.854989624E+01
1.717224016E+01  4.658488083E+01
1.717881578E+01  4.462067795E+01
1.718539141E+01  4.314498520E+01
1.719196703E+01  4.230908966E+01
1.719854265E+01  3.964661407E+01
1.720511828E+01  3.582156372E+01
1.721169390E+01  3.230361938E+01
1.721826952E+01  3.078514481E+01
1.722484515E+01  2.943994713E+01
1.723142077E+01  2.747847366E+01
1.723799639E+01  2.600181198E+01
1.724457202E+01  2.581954765E+01
1.725114764E+01  2.593464279E+01
1.725772326E+01  2.538326836E+01
1.726429889E+01  2.528167534E+01
1.727087451E+01  2.418850708E+01
1.727745013E+01  2.233916283E+01
1.728402576E+01  1.986894989E+01
1.729060138E+01  1.835701561E+01
1.729717700E+01  1.641229057E+01
1.730375263E+01  1.473305416E+01
1.731032825E+01  1.505908394E+01
1.731690387E+01  1.492164707E+01
1.732347950E+01  1.418256760E+01
1.733005512E+01  1.309037113E+01
1.733663074E+01  1.127296448E+01
1.734320637E+01  9.826985359E+00
1.734978199E+01  8.981865883E+00
1.735635761E+01  8.109597206E+00
1.736293324E+01  7.590935707E+00
1.736950886E+01  5.383769989E+00
1.737608448E+01  4.500162601E+00
1.738266011E+01  4.548837662E+00
1.738923573E+01  5.408027649E+00
1.739581135E+01  6.120497227E+00
1.740238698E+01  7.329089165E+00
1.740896260E+01  7.832391262E+00
1.741553822E+01  6.698994637E+00
1.742211385E+01  5.283120632E+00
1.742868947E+01  4.871595860E+00
1.743526509E+01  5.180437565E+00
1.744184072E+01  4.703486919E+00
1.744841634E+01  4.029796124E+00
1.745499196E+01  2.883669853E+00
1.746156759E+01  1.819979668E+00
1.746814321E+01  2.115281820E+00
1.747471883E+01  1.734615207E+00
1.748129446E+01  1.102990031E+00
1.748787008E+01  1.217694044E+00
1.749444570E+01  5.447804332E-01
1.750102132E+01  -9.762998670E-02
1.750759695E+01  -6.335840225E-01
1.751417257E+01  6.710960269E-01
1.752074819E+01  1.169263363E+00
1.752732382E+01  1.187916875E+00
1.753389944E+01  9.295693636E-01
1.754047506E+01  1.409260154E+00
1.754705069E+01  1.144985199E+00
1.755362631E+01  9.506655931E-01
1.756020193E+01  3.375150263E-01
1.756677756E+01  1.698007584E-01
1.757335318E+01  8.440418839E-01
1.757992880E+01  1.369574785E+00
1.758650443E+01  1.607809186E+00
1.759308005E+01  2.301035404E+00
1.759965567E+01  1.676914811E+00
1.760623130E+01  6.761773676E-02
1.761280692E+01  -7.801196575E-01
1.761938254E+01  -5.248219967E-01
1.762595817E+01  4.450159073E-01
1.763253379E+01  4.249890447E-01
1.763910941E+01  6.447798610E-01
1.764568504E+01  1.971769214E+00
1.765226066E+01  2.516502857E+00
1.765883628E+01  3.706908226E+00
1.766541191E+01  5.611045361E+00
1.767198753E+01  6.744724751E+00
1.767856315E+01  6.808319092E+00
1.768513878E+01  5.724849224E+00
1.769171440E+01  3.904145002E+00
1.769829002E+01  4.429364204E+00
1.770486565E+01  3.040393829E+00
1.771144127E+01  3.134823561E+00
1.771801689E+01  3.970584393E+00
1.772459252E+01  4.490654945E+00
1.773116814E+01  4.498842716E+00
1.773774376E+01  4.941035748E+00
1.774431939E+01  3.610280514E+00
1.775089501E+01  3.815727472E+00
1.775747063E+01  4.471013546E+00
1.776404626E+01  5.965353012E+00
1.777062188E+01  5.514129162E+00
1.777719750E+01  4.488481045E+00
1.778377313E+01  3.196068048E+00
1.779034875E+01  3.373259306E+00
1.779692437E+01  3.161206961E+00
1.780350000E+01  3.274305582E+00
1.781007562E+01  3.978219032E+00
1.781665124E+01  5.187538147E+00
1.782322687E+01  6.727498531E+00
1.782980249E+01  7.456541538E+00
1.783637811E+01  7.545608521E+00
1.784295373E+01  7.595330238E+00
1.784952936E+01  7.080849171E+00
1.785610498E+01  6.399182796E+00
1.786268060E+01  6.448325157E+00
1.786925623E+01  7.285448074E+00
1.787583185E+01  6.843697548E+00
1.788240747E+01  6.949282646E+00
1.788898310E+01  6.467471600E+00
1.789555872E+01  6.104834557E+00
1.790213434E+01  7.151432037E+00
1.790870997E+01  7.775735855E+00
1.791528559E+01  8.432829857E+00
1.792186121E+01  8.573884964E+00
1.792843684E+01  8.128087997E+00
1.793501246E+01  9.008994102E+00
1.794158808E+01  9.177022934E+00
1.794816371E+01  9.577448845E+00
1.795473933E+01  9.113057137E+00
1.796131495E+01  9.248637199E+00
1.796789058E+01  9.555906296E+00
1.797446620E+01  1.115881920E+01
1.798104182E+01  1.096599865E+01
1.798761745E+01  1.082014465E+01
1.799419307E+01  1.116551876E+01
1.800076869E+01  1.064120865E+01
1.800734432E+01  1.034138298E+01
1.801391994E+01  1.066685677E+01
1.802049556E+01  1.140858650E+01
1.802707119E+01  1.049963093E+01
1.803364681E+01  9.314950943E+00
1.804022243E+01  8.662625313E+00
1.804679806E+01  1.003482914E+01
1.805337368E+01  1.120011711E+01
1.805994930E+01  1.167071342E+01
1.806652493E+01  1.149450016E+01
1.807310055E+01  1.061634636E+01
1.807967617E+01  1.057098293E+01
1.808625180E+01  1.070467281E+01
1.809282742E+01  1.007512188E+01
1.809940304E+01  1.050224876E+01
1.810597867E+01  1.143782139E+01
1.811255429E+01  1.344347286E+01
1.811912991E+01  1.427176094E+01
1.812570554E+01  1.431000900E+01
1.813228116E+01  1.373362255E+01
1.813885678E+01  1.474290657E+01
1.814543241E+01  1.457624340E+01
1.815200803E+01  1.430989456E+01
1.815858365E+01  1.352450180E+01
1.816515927E+01  1.274600506E+01
1.817173490E+01  1.236409473E+01
1.817831052E+01  1.163904667E+01
1.818488614E+01  1.077789307E+01
1.819146177E+01  1.123569298E+01
1.819803739E+01  1.288105679E+01
1.820461301E+01  1.464214420E+01
1.821118864E+01  1.522883415E+01
1.821776426E+01  1.545743179E+01
1.822433988E+01  1.457000923E+01
1.823091551E+01  1.281594753E+01
1.823749113E+01  1.159891605E+01
1.824406675E+01  1.121369267E+01
1.825064238E+01  1.294186783E+01
1.825721800E+01  1.314169502E+01
1.826379362E+01  1.342289925E+01
1.827036925E+01  1.409248257E+01
1.827694487E+01  1.385785007E+01
1.828352049E+01  1.403140926E+01
1.829009612E+01  1.372636604E+01
1.829667174E+01  1.278691387E+01
1.830324736E+01  1.173158360E+01
1.830982299E+01  1.219026661E+01
1.831639861E+01  1.168204117E+01
1.832297423E+01  1.227142429E+01
1.832954986E+01  1.202296162E+01
1.833612548E+01  1.133667278E+01
1.834270110E+01  1.062627125E+01
1.834927673E+01  1.127814674E+01
1.835585235E+01  1.157323456E+01
1.836242797E+01  1.099609089E+01
1.836900360E+01  1.036379814E+01
1.837557922E+01  1.002028942E+01
1.838215484E+01  1.082169914E+01
1.838873047E+01  1.154211712E+01
1.839530609E+01  1.060648918E+01
1.840188171E+01  9.720989227E+00
1.840845734E+01  1.007271767E+01
1.841503296E+01  1.002305698E+01
1.842160858E+01  1.027515030E+01
1.842818421E+01  1.044372559E+01
1.843475983E+01  1.158682632E+01
1.844133545E+01  1.192017746E+01
1.844791108E+01  1.134842777E+01
1.845448670E+01  1.096955490E+01
1.846106232E+01  1.029214954E+01
1.846763795E+01  9.817945480E+00
1.847421357E+01  8.685865402E+00
1.848078919E+01  9.826814651E+00
1.848736482E+01  1.052960777E+01
1.849394044E+01  1.122710991E+01
1.850051606E+01  1.128823662E+01
1.850709168E+01  9.969134331E+00
1.851366731E+01  1.014756298E+01
1.852024293E+01  8.900540352E+00
1.852681855E+01  8.010207176E+00
1.853339418E+01  7.278284550E+00
1.853996980E+01  7.259962559E+00
1.854654542E+01  7.170151711E+00
1.855312105E+01  7.166199207E+00
1.855969667E+01  6.939191341E+00
1.856627229E+01  8.786705017E+00
1.857284792E+01  9.762214661E+00
1.857942354E+01  1.084890938E+01
1.858599916E+01  1.183517742E+01
1.859257479E+01  1.131263447E+01
1.859915041E+01  9.755708694E+00
1.860572603E+01  9.458634377E+00
1.861230166E+01  9.718549728E+00
1.861887728E+01  9.593295097E+00
1.862545290E+01  1.012210464E+01
1.863202853E+01  1.005069828E+01
1.863860415E+01  9.094944000E+00
1.864517977E+01  7.529231548E+00
1.865175540E+01  8.511666298E+00
1.865833102E+01  8.752529144E+00
1.866490664E+01  9.331170082E+00
1.867148227E+01  9.395725250E+00
1.867805789E+01  8.960490227E+00
1.868463351E+01  7.770676613E+00
1.869120914E+01  6.667661667E+00
1.869778476E+01  5.763321877E+00
1.870436038E+01  5.601671219E+00
1.871093601E+01  6.643254280E+00
1.871751163E+01  8.157742500E+00
1.872408725E+01  8.780591965E+00
1.873066288E+01  1.012145424E+01
1.873723850E+01  1.027005386E+01
1.874381412E+01  9.262500763E+00
1.875038975E+01  8.165767670E+00
1.875696537E+01  8.547422409E+00
1.876354099E+01  8.732942581E+00
1.877011662E+01  7.823288918E+00
1.877669224E+01  6.435122013E+00
1.878326786E+01  6.294538498E+00
1.878984349E+01  6.423569202E+00
1.879641911E+01  6.702656269E+00
1.880299473E+01  6.542011738E+00
1.880957036E+01  7.230224609E+00
1.881614598E+01  7.797024727E+00
1.882272160E+01  8.545973778E+00
1.882929722E+01  8.588620186E+00
1.883587285E+01  9.253178596E+00
1.884244847E+01  8.556189537E+00
1.884902409E+01  7.752326488E+00
1.885559972E+01  7.338300705E+00
1.886217534E+01  6.886368275E+00
1.886875096E+01  5.746008396E+00
1.887532659E+01  6.310060978E+00
1.888190221E+01  6.884878635E+00
1.888847783E+01  5.989676952E+00
1.889505346E+01  3.900524855E+00
1.890162908E+01  4.087395668E+00
1.890820470E+01  4.071145058E+00
1.891478033E+01  4.793667793E+00
1.892135595E+01  4.125741959E+00
1.892793157E+01  4.183464527E+00
1.893450720E+01  4.145647526E+00
1.894108282E+01  3.444742203E+00
1.894765844E+01  3.280991554E+00
1.895423407E+01  3.828461409E+00
1.896080969E+01  4.316550732E+00
1.896738531E+01  3.262365580E+00
1.897396094E+01  2.592732906E+00
1.898053656E+01  2.997162104E+00
1.898711218E+01  2.121624470E+00
1.899368781E+01  8.717051744E-01
1.900026343E+01  -1.714463979E-01
1.900683905E+01  -3.366237283E-01
1.901341468E+01  1.481335610E-01
1.901999030E+01  6.310965419E-01
1.902656592E+01  1.746309757E+00
1.903314155E+01  2.836454153E+00
1.903971717E+01  2.613524199E+00
1.904629279E+01  2.348823547E+00
1.905286842E+01  2.396474838E+00
1.905944404E+01  9.166514277E-01
1.906601966E+01  5.514528155E-01
1.907259529E+01  5.470741987E-01
1.907917091E+01  3.133780479E+00
1.908574653E+01  3.880478382E+00
1.909232216E+01  2.400828600E+00
1.909889778E+01  -1.000297349E-02
1.910547340E+01  -3.118686080E-01
1.911204903E+01  -6.908640862E-01
1.911862465E+01  -9.589684196E-03
1.912520027E+01  -2.535337210E-01
1.913177590E+01  -1.029648855E-01
1.913835152E+01  -1.444821656E-01
1.914492714E+01  5.966387987E-01
1.915150276E+01  8.731430173E-01
1.915807839E+01  5.677841902E-01
1.916465401E+01  -2.021950781E-01
1.917122963E+01  -6.436050534E-01
1.917780526E+01  -3.286912739E-01
1.918438088E+01  1.629672796E-01
1.919095650E+01  1.514729977E+00
1.919753213E+01  2.721529245E+00
1.920410775E+01  2.903656244E+00
1.921068337E+01  2.734781504E+00
1.921725900E+01  3.052037716E+00
1.922383462E+01  2.619800329E+00
1.923041024E+01  2.633055210E+00
1.923698587E+01  2.550654411E+00
1.924356149E+01  3.685682297E+00
1.925013711E+01  3.512410879E+00
1.925671274E+01  3.100027800E+00
1.926328836E+01  2.415393114E+00
1.926986398E+01  2.577441216E+00
1.927643961E+01  2.353400707E+00
1.928301523E+01  1.149913311E+00
1.928959085E+01  1.151075244E+00
1.929616648E+01  2.044953346E+00
1.930274210E+01  3.540838957E+00
1.930931772E+01  3.787142277E+00
1.931589335E+01  2.637134075E+00
1.932246897E+01  7.442771792E-01
1.932904459E+01  -2.929693460E-01
1.933562022E+01  3.144043088E-01
1.934219584E+01  -3.339163065E-01
1.934877146E+01  -4.507126510E-01
1.935534709E+01  -8.428044915E-01
1.936192271E+01  1.441245675E-01
1.936849833E+01  5.935290456E-01
1.937507396E+01  7.102944851E-01
1.938164958E+01  -2.274002135E-01
1.938822520E+01  3.769391775E-01
1.939480083E+01  1.302207112E-01
1.940137645E+01  -1.026065797E-01
1.940795207E+01  2.197676301E-01
1.941452770E+01  -3.817283213E-01
1.942110332E+01  -8.564679027E-01
1.942767894E+01  -5.413150191E-01
1.943425457E+01  3.231633008E-01
1.944083019E+01  1.051469684E+00
1.944740581E+01  9.868061543E-01
1.945398144E+01  -7.286420465E-01
1.946055706E+01  -7.178681493E-01
1.946713268E+01  -6.031461358E-01
1.947370831E+01  7.956812978E-01
1.948028393E+01  4.912320375E-01
1.948685955E+01  -6.143235564E-01
1.949343517E+01  1.462179422E-01
