6.000256231E+00  -2.023356035E-02
6.006831854E+00  1.193107590E-01
6.013407478E+00  -2.457829118E-01
6.019983101E+00  2.116400152E-01
6.026558724E+00  -1.351972073E-01
6.033134347E+00  1.560082436E-01
6.039709971E+00  -7.777653635E-02
6.046285594E+00  2.936856151E-01
6.052861217E+00  -5.234349966E-01
6.059436840E+00  -2.330575734E-01
6.066012464E+00  4.897223115E-01
6.072588087E+00  1.497801304E+00
6.079163710E+00  1.585684538E+00
6.085739334E+00  2.288785219E+00
6.092314957E+00  1.901776314E+00
6.098890580E+00  2.037933111E+00
6.105466203E+00  8.150699139E-01
6.112041827E+00  2.794438899E-01
6.118617450E+00  -4.361696914E-02
6.125193073E+00  8.689905703E-02
6.131768696E+00  8.689432591E-02
6.138344320E+00  -3.878482580E-01
6.144919943E+00  3.343058750E-02
6.151495566E+00  2.137943953E-01
6.158071190E+00  3.198273182E-01
6.164646813E+00  1.660401344E+00
6.171222436E+00  2.411638498E+00
6.177798059E+00  3.012733936E+00
6.184373683E+00  1.762706637E+00
6.190949306E+00  1.375774384E+00
6.197524929E+00  2.426059961E+00
6.204100552E+00  3.540277004E+00
6.210676176E+00  3.250274420E+00
6.217251799E+00  3.058217049E+00
6.223827422E+00  3.622710705E+00
6.230403045E+00  4.170265198E+00
6.236978669E+00  3.549297094E+00
6.243554292E+00  2.612467051E+00
6.250129915E+00  2.475968361E+00
6.256705539E+00  2.062316179E+00
6.263281162E+00  4.071715474E-02
6.269856785E+00  -7.028424144E-01
6.276432408E+00  -9.285255075E-01
6.283008032E+00  -2.522206306E-01
6.289583655E+00  4.611063898E-01
6.296159278E+00  1.245154142E+00
6.302734901E+00  1.765557766E+00
6.309310525E+00  2.400161266E+00
6.315886148E+00  2.921159029E+00
6.322461771E+00  1.817663789E+00
6.329037394E+00  1.145890951E+00
6.335613018E+00  1.412045490E-02
6.342188641E+00  9.236101508E-01
6.348764264E+00  1.351927400E+00
6.355339888E+00  3.011306524E+00
6.361915511E+00  4.245164394E+00
6.368491134E+00  4.241975307E+00
6.375066757E+00  4.022802353E+00
6.381642381E+00  4.476909637E+00
6.388218004E+00  4.742578030E+00
6.394793627E+00  3.870630503E+00
6.401369250E+00  2.798752785E+00
6.407944874E+00  2.259167194E+00
6.414520497E+00  2.621134281E+00
6.421096120E+00  3.262521982E+00
6.427671743E+00  3.269511223E+00
6.434247367E+00  3.991298676E+00
6.440822990E+00  3.830406427E+00
6.447398613E+00  4.071575642E+00
6.453974237E+00  3.071018934E+00
6.460549860E+00  2.517207146E+00
6.467125483E+00  3.509284973E+00
6.473701106E+00  4.970196247E+00
6.480276730E+00  5.270988941E+00
6.486852353E+00  5.121217728E+00
6.493427976E+00  5.463251591E+00
6.500003599E+00  5.083116531E+00
6.506579223E+00  3.933490515E+00
6.513154846E+00  1.977928162E+00
6.519730469E+00  3.419633508E-01
6.526306092E+00  6.560997367E-01
6.532881716E+00  9.532417655E-01
6.539457339E+00  3.620223403E-01
6.546032962E+00  -5.167631507E-01
6.552608586E+00  1.457441807E+00
6.559184209E+00  3.573573589E+00
6.565759832E+00  4.511360645E+00
6.572335455E+00  4.266117096E+00
6.578911079E+00  4.587456703E+00
6.585486702E+00  4.403852940E+00
6.592062325E+00  3.746720791E+00
6.598637948E+00  4.575865269E+00
6.605213572E+00  4.751911640E+00
6.611789195E+00  4.627631187E+00
6.618364818E+00  3.480092764E+00
6.624940441E+00  3.697206497E+00
6.631516065E+00  3.916903019E+00
6.638091688E+00  3.935356379E+00
6.644667311E+00  3.326383114E+00
6.651242935E+00  3.299851179E+00
6.657818558E+00  4.094998837E+00
6.664394181E+00  4.370084763E+00
6.670969804E+00  4.399408340E+00
6.677545428E+00  3.096251965E+00
6.684121051E+00  2.534357786E+00
6.690696674E+00  2.211340427E+00
6.697272297E+00  2.358244658E+00
6.703847921E+00  1.648755789E+00
6.710423544E+00  2.169399500E+00
6.716999167E+00  2.561125994E+00
6.723574790E+00  2.691658497E+00
6.730150414E+00  2.684776306E+00
6.736726037E+00  3.501848221E+00
6.743301660E+00  3.901539564E+00
6.749877284E+00  4.587758541E+00
6.756452907E+00  5.112729549E+00
6.763028530E+00  5.091351509E+00
6.769604153E+00  4.183869839E+00
6.776179777E+00  3.555353642E+00
6.782755400E+00  2.014626265E+00
6.789331023E+00  2.055534124E+00
6.795906646E+00  2.571560383E+00
6.802482270E+00  4.250370979E+00
6.809057893E+00  5.499608040E+00
6.815633516E+00  5.218634129E+00
6.822209139E+00  4.758990765E+00
6.828784763E+00  5.206149578E+00
6.835360386E+00  4.946169376E+00
6.841936009E+00  4.872247219E+00
6.848511633E+00  4.992384911E+00
6.855087256E+00  5.409129143E+00
6.861662879E+00  5.420154095E+00
6.868238502E+00  5.818062782E+00
6.874814126E+00  6.997313499E+00
6.881389749E+00  7.668323517E+00
6.887965372E+00  6.738317490E+00
6.894540995E+00  7.641884327E+00
6.901116619E+00  5.496971130E+00
6.907692242E+00  4.496228218E+00
6.914267865E+00  2.900893688E+00
6.920843488E+00  1.844007611E+00
6.927419112E+00  3.924114108E-01
6.933994735E+00  1.130969763E+00
6.940570358E+00  1.711392045E+00
6.947145982E+00  1.651300192E+00
6.953721605E+00  7.187477946E-01
6.960297228E+00  1.285491705E+00
6.966872851E+00  1.270841241E+00
6.973448475E+00  1.219787717E+00
6.980024098E+00  6.819162965E-01
6.986599721E+00  5.168333054E-01
6.993175344E+00  -4.991661012E-02
6.999750968E+00  -2.806004286E-01
7.006326591E+00  3.662174046E-01
7.012902214E+00  1.312834144E+00
7.019477837E+00  7.713550925E-01
7.026053461E+00  1.245625615E-01
7.032629084E+00  1.555808425E+00
7.039204707E+00  2.584666491E+00
7.045780331E+00  3.047163963E+00
7.052355954E+00  2.877036810E+00
7.058931577E+00  2.763203621E+00
7.065507200E+00  2.932725430E+00
7.072082824E+00  2.454029799E+00
7.078658447E+00  2.167082787E+00
7.085234070E+00  2.947789669E+00
7.091809693E+00  3.634014845E+00
7.098385317E+00  3.452088833E+00
7.104960940E+00  3.764357328E+00
7.111536563E+00  3.659505606E+00
7.118112186E+00  3.024568796E+00
7.124687810E+00  2.611572742E+00
7.131263433E+00  3.164476871E+00
7.137839056E+00  2.092504025E+00
7.144414680E+00  5.536267161E-01
7.150990303E+00  7.472841144E-01
7.157565926E+00  1.738592863E+00
7.164141549E+00  3.673673391E+00
7.170717173E+00  3.738873720E+00
7.177292796E+00  3.062378407E+00
7.183868419E+00  1.768406749E+00
7.190444042E+00  3.463530838E-01
7.197019666E+00  -5.079006553E-01
7.203595289E+00  5.064506084E-02
7.210170912E+00  1.969238758E+00
7.216746535E+00  3.539572239E+00
7.223322159E+00  4.782798767E+00
7.229897782E+00  4.073077679E+00
7.236473405E+00  4.350475788E+00
7.243049029E+00  3.775273323E+00
7.249624652E+00  3.423532248E+00
7.256200275E+00  2.360105515E+00
7.262775898E+00  2.698460579E+00
7.269351522E+00  1.639020681E+00
7.275927145E+00  1.866876602E+00
7.282502768E+00  2.541542053E+00
7.289078391E+00  3.889488220E+00
7.295654015E+00  3.958543301E+00
7.302229638E+00  2.939916611E+00
7.308805261E+00  3.740466118E+00
7.315380884E+00  4.698516846E+00
7.321956508E+00  4.245726109E+00
7.328532131E+00  3.399995089E+00
7.335107754E+00  3.867763042E+00
7.341683378E+00  5.091846466E+00
7.348259001E+00  5.976042747E+00
7.354834624E+00  6.675645351E+00
7.361410247E+00  6.548117161E+00
7.367985871E+00  6.578371048E+00
7.374561494E+00  5.392916679E+00
7.381137117E+00  4.357259750E+00
7.387712740E+00  3.371055365E+00
7.394288364E+00  3.684257269E+00
7.400863987E+00  3.530649900E+00
7.407439610E+00  4.075591087E+00
7.414015233E+00  3.614731312E+00
7.420590857E+00  4.249542236E+00
7.427166480E+00  3.925393581E+00
7.433742103E+00  3.717925072E+00
7.440317727E+00  3.702424765E+00
7.446893350E+00  3.739472151E+00
7.453468973E+00  3.092611790E+00
7.460044596E+00  1.650766969E+00
7.466620220E+00  1.563007593E+00
7.473195843E+00  1.914580464E+00
7.479771466E+00  1.770372391E+00
7.486347089E+00  3.044547558E+00
7.492922713E+00  3.527656078E+00
7.499498336E+00  4.282641888E+00
7.506073959E+00  3.889971018E+00
7.512649582E+00  3.437880516E+00
7.519225206E+00  3.689382792E+00
7.525800829E+00  3.139166117E+00
7.532376452E+00  1.825132012E+00
7.538952076E+00  1.833914369E-01
7.545527699E+00  3.593132794E-01
7.552103322E+00  -4.555464685E-01
7.558678945E+00  -4.632560071E-03
7.565254569E+00  -5.435262918E-01
7.571830192E+00  4.071367085E-01
7.578405815E+00  4.800501838E-02
7.584981438E+00  6.227980852E-01
7.591557062E+00  1.847268939E+00
7.598132685E+00  3.484406233E+00
7.604708308E+00  3.231644869E+00
7.611283931E+00  1.707930803E+00
7.617859555E+00  1.078477383E+00
7.624435178E+00  -5.426469445E-01
7.631010801E+00  -5.881258845E-01
7.637586425E+00  -1.494918227E+00
7.644162048E+00  -1.410562038E+00
7.650737671E+00  -5.191081762E-01
7.657313294E+00  8.197116256E-01
7.663888918E+00  6.500663757E-01
7.670464541E+00  1.378023624E+00
7.677040164E+00  1.165582657E+00
7.683615787E+00  1.120604277E+00
7.690191411E+00  4.338233918E-02
7.696767034E+00  4.090532064E-01
7.703342657E+00  1.273501515E-01
7.709918281E+00  6.143689752E-01
7.716493904E+00  1.996169806E+00
7.723069527E+00  3.932985067E+00
7.729645150E+00  6.579169750E+00
7.736220774E+00  7.779480934E+00
7.742796397E+00  8.754126549E+00
7.749372020E+00  9.206181526E+00
7.755947643E+00  9.864545822E+00
7.762523267E+00  8.941947937E+00
7.769098890E+00  9.189141273E+00
7.775674513E+00  9.070186615E+00
7.782250136E+00  8.940680504E+00
7.788825760E+00  1.023280334E+01
7.795401383E+00  1.175024796E+01
7.801977006E+00  1.300756931E+01
7.808552630E+00  1.179952526E+01
7.815128253E+00  1.052773857E+01
7.821703876E+00  9.514661789E+00
7.828279499E+00  9.195478439E+00
7.834855123E+00  9.762639046E+00
7.841430746E+00  1.075912476E+01
7.848006369E+00  1.136898136E+01
7.854581992E+00  1.227035332E+01
7.861157616E+00  1.211888885E+01
7.867733239E+00  1.155848312E+01
7.874308862E+00  1.122324467E+01
7.880884485E+00  1.145722198E+01
7.887460109E+00  1.138130951E+01
7.894035732E+00  1.154412556E+01
7.900611355E+00  1.154360771E+01
7.907186979E+00  1.150210762E+01
7.913762602E+00  1.246972275E+01
7.920338225E+00  1.235886669E+01
7.926913848E+00  1.129046535E+01
7.933489472E+00  1.014815998E+01
7.940065095E+00  9.470398903E+00
7.946640718E+00  9.390380859E+00
7.953216341E+00  9.658030510E+00
7.959791965E+00  1.018492031E+01
7.966367588E+00  9.997881889E+00
7.972943211E+00  9.299558640E+00
7.979518834E+00  8.588027954E+00
7.986094458E+00  8.776920319E+00
7.992670081E+00  9.888290405E+00
7.999245704E+00  1.011462212E+01
8.005821328E+00  1.045799351E+01
8.012396951E+00  9.524012566E+00
8.018972574E+00  1.027084446E+01
8.025548197E+00  8.803150177E+00
8.032123821E+00  7.347183704E+00
8.038699444E+00  7.870903969E+00
8.045275067E+00  9.517568588E+00
8.051850690E+00  1.102125645E+01
8.058426314E+00  1.281184769E+01
8.065001937E+00  1.404480457E+01
8.071577560E+00  1.448593426E+01
8.078153183E+00  1.431119537E+01
8.084728807E+00  1.377124119E+01
8.091304430E+00  1.287208748E+01
8.097880053E+00  1.365586853E+01
8.104455677E+00  1.722232437E+01
8.111031300E+00  1.914774132E+01
8.117606923E+00  1.960995483E+01
8.124182546E+00  2.162321091E+01
8.130758170E+00  2.412264061E+01
8.137333793E+00  2.649355125E+01
8.143909416E+00  2.854214287E+01
8.150485039E+00  3.097546959E+01
8.157060663E+00  3.174862862E+01
8.163636286E+00  3.437432098E+01
8.170211909E+00  3.752978897E+01
8.176787532E+00  4.110271072E+01
8.183363156E+00  4.328349304E+01
8.189938779E+00  4.649838257E+01
8.196514402E+00  5.239187241E+01
8.203090026E+00  5.686285400E+01
8.209665649E+00  6.068033981E+01
8.216241272E+00  6.531498718E+01
8.222816895E+00  7.225357819E+01
8.229392519E+00  8.113279724E+01
8.235968142E+00  9.039987946E+01
8.242543765E+00  9.892832947E+01
8.249119388E+00  1.093123779E+02
8.255695012E+00  1.203684006E+02
8.262270635E+00  1.318625183E+02
8.268846258E+00  1.434743958E+02
8.275421881E+00  1.578578796E+02
8.281997505E+00  1.724997711E+02
8.288573128E+00  1.898952332E+02
8.295148751E+00  2.126541443E+02
8.301724375E+00  2.379337769E+02
8.308299998E+00  2.678889465E+02
8.314875621E+00  2.976701355E+02
8.321451244E+00  3.308627930E+02
8.328026868E+00  3.659347839E+02
8.334602491E+00  3.945829773E+02
8.341178114E+00  4.211575012E+02
8.347753737E+00  4.449011536E+02
8.354329361E+00  4.694643555E+02
8.360904984E+00  4.878872375E+02
8.367480607E+00  5.038456421E+02
8.374056230E+00  5.147928467E+02
8.380631854E+00  5.244763794E+02
8.387207477E+00  5.277431030E+02
8.393783100E+00  5.263000488E+02
8.400358724E+00  5.217493286E+02
8.406934347E+00  5.138493652E+02
8.413509970E+00  5.056724548E+02
8.420085593E+00  4.946688232E+02
8.426661217E+00  4.857174988E+02
8.433236840E+00  4.736383057E+02
8.439812463E+00  4.595767822E+02
8.446388086E+00  4.433166504E+02
8.452963710E+00  4.258643188E+02
8.459539333E+00  4.104180603E+02
8.466114956E+00  3.958684692E+02
8.472690579E+00  3.820988770E+02
8.479266203E+00  3.680941772E+02
8.485841826E+00  3.545911560E+02
8.492417449E+00  3.416845703E+02
8.498993073E+00  3.295350342E+02
8.505568696E+00  3.171723328E+02
8.512144319E+00  3.045368652E+02
8.518719942E+00  2.915695496E+02
8.525295566E+00  2.785462646E+02
8.531871189E+00  2.647521362E+02
8.538446812E+00  2.499771729E+02
8.545022435E+00  2.367804413E+02
8.551598059E+00  2.221829376E+02
8.558173682E+00  2.093750458E+02
8.564749305E+00  1.983303833E+02
8.571324928E+00  1.882120514E+02
8.577900552E+00  1.776620789E+02
8.584476175E+00  1.679671021E+02
8.591051798E+00  1.579796600E+02
8.597627422E+00  1.477128906E+02
8.604203045E+00  1.381409454E+02
8.610778668E+00  1.300728912E+02
8.617354291E+00  1.229896698E+02
8.623929915E+00  1.164899292E+02
8.630505538E+00  1.095390091E+02
8.637081161E+00  1.028668976E+02
8.643656784E+00  9.721138763E+01
8.650232408E+00  9.169359589E+01
8.656808031E+00  8.686870575E+01
8.663383654E+00  8.189689636E+01
8.669959277E+00  7.588414001E+01
8.676534901E+00  7.106044006E+01
8.683110524E+00  6.637064362E+01
8.689686147E+00  6.188409805E+01
8.696261771E+00  5.737818146E+01
8.702837394E+00  5.467371750E+01
8.709413017E+00  5.397189713E+01
8.715988640E+00  5.307304382E+01
8.722564264E+00  5.061731339E+01
8.729139887E+00  5.000560760E+01
8.735715510E+00  4.858462906E+01
8.742291133E+00  4.612491226E+01
8.748866757E+00  4.264307022E+01
8.755442380E+00  4.020162964E+01
8.762018003E+00  3.767609406E+01
8.768593626E+00  3.637507248E+01
8.775169250E+00  3.371020126E+01
8.781744873E+00  3.216440201E+01
8.788320496E+00  3.154286575E+01
8.794896120E+00  3.218251038E+01
8.801471743E+00  3.202573013E+01
8.808047366E+00  3.158473778E+01
8.814622989E+00  3.000260162E+01
8.821198613E+00  2.856741142E+01
8.827774236E+00  2.744323158E+01
8.834349859E+00  2.807586098E+01
8.840925482E+00  2.904928398E+01
8.847501106E+00  2.971994400E+01
8.854076729E+00  2.932172012E+01
8.860652352E+00  3.024133110E+01
8.867227975E+00  3.136206818E+01
8.873803599E+00  3.222836304E+01
8.880379222E+00  3.167663002E+01
8.886954845E+00  3.175667000E+01
8.893530469E+00  3.256027222E+01
8.900106092E+00  3.220559692E+01
8.906681715E+00  3.315161896E+01
8.913257338E+00  3.320497131E+01
8.919832962E+00  3.205412674E+01
8.926408585E+00  2.990220261E+01
8.932984208E+00  2.803386307E+01
8.939559831E+00  2.600428200E+01
8.946135455E+00  2.492966270E+01
8.952711078E+00  2.392914772E+01
8.959286701E+00  2.312187386E+01
8.965862324E+00  2.344192314E+01
8.972437948E+00  2.398548698E+01
8.979013571E+00  2.426038361E+01
8.985589194E+00  2.445704269E+01
8.992164818E+00  2.546218681E+01
8.998740441E+00  2.647064972E+01
9.005316064E+00  2.730763054E+01
9.011891687E+00  2.678563690E+01
9.018467311E+00  2.563417244E+01
9.025042934E+00  2.538791656E+01
9.031618557E+00  2.628760338E+01
9.038194180E+00  2.717748260E+01
9.044769804E+00  2.765131950E+01
9.051345427E+00  2.766225624E+01
9.057921050E+00  2.728403664E+01
9.064496673E+00  2.628181839E+01
9.071072297E+00  2.561899567E+01
9.077647920E+00  2.613396835E+01
9.084223543E+00  2.696201324E+01
9.090799167E+00  2.749426079E+01
9.097374790E+00  2.658424950E+01
9.103950413E+00  2.687555885E+01
9.110526036E+00  2.638285828E+01
9.117101660E+00  2.756955147E+01
9.123677283E+00  2.837560272E+01
9.130252906E+00  2.724097824E+01
9.136828529E+00  2.632683563E+01
9.143404153E+00  2.696620941E+01
9.149979776E+00  2.644281387E+01
9.156555399E+00  2.746663475E+01
9.163131022E+00  2.880185699E+01
9.169706646E+00  3.160182953E+01
9.176282269E+00  3.120250893E+01
9.182857892E+00  3.079044724E+01
9.189433516E+00  2.956976700E+01
9.196009139E+00  2.754586411E+01
9.202584762E+00  2.681007004E+01
9.209160385E+00  2.631260300E+01
9.215736009E+00  2.590846252E+01
9.222311632E+00  2.468360901E+01
9.228887255E+00  2.369958496E+01
9.235462878E+00  2.297496605E+01
9.242038502E+00  2.179638863E+01
9.248614125E+00  2.075273895E+01
9.255189748E+00  1.991532326E+01
9.261765372E+00  1.828073692E+01
9.268340995E+00  1.825866318E+01
9.274916618E+00  1.962646103E+01
9.281492241E+00  1.967515755E+01
9.288067865E+00  1.868308449E+01
9.294643488E+00  1.794419670E+01
9.301219111E+00  1.698048019E+01
9.307794734E+00  1.760395432E+01
9.314370358E+00  1.725066185E+01
9.320945981E+00  1.794355965E+01
9.327521604E+00  1.819486427E+01
9.334097227E+00  1.764227676E+01
9.340672851E+00  1.811588287E+01
9.347248474E+00  1.957711411E+01
9.353824097E+00  2.206210709E+01
9.360399721E+00  2.363142014E+01
9.366975344E+00  2.517030907E+01
9.373550967E+00  2.673298073E+01
9.380126590E+00  2.831114197E+01
9.386702214E+00  2.936622620E+01
9.393277837E+00  3.024150276E+01
9.399853460E+00  3.130807304E+01
9.406429083E+00  3.392385864E+01
9.413004707E+00  3.699706650E+01
9.419580330E+00  4.064636993E+01
9.426155953E+00  4.440937042E+01
9.432731576E+00  4.794673157E+01
9.439307200E+00  5.001725388E+01
9.445882823E+00  5.281626511E+01
9.452458446E+00  5.735989380E+01
9.459034070E+00  6.300704575E+01
9.465609693E+00  6.801848602E+01
9.472185316E+00  7.264666748E+01
9.478760939E+00  7.891359711E+01
9.485336563E+00  8.595307159E+01
9.491912186E+00  9.505809021E+01
9.498487809E+00  1.044620667E+02
9.505063432E+00  1.160112305E+02
9.511639056E+00  1.285727844E+02
9.518214679E+00  1.416565247E+02
9.524790302E+00  1.547326965E+02
9.531365925E+00  1.674170227E+02
9.537941549E+00  1.799800720E+02
9.544517172E+00  1.937607117E+02
9.551092795E+00  2.084987183E+02
9.557668419E+00  2.233415833E+02
9.564244042E+00  2.361379395E+02
9.570819665E+00  2.493761292E+02
9.577395288E+00  2.625019226E+02
9.583970912E+00  2.763386536E+02
9.590546535E+00  2.889145813E+02
9.597122158E+00  3.019729309E+02
9.603697781E+00  3.148052063E+02
9.610273405E+00  3.293821106E+02
9.616849028E+00  3.428018188E+02
9.623424651E+00  3.556355896E+02
9.630000274E+00  3.700475464E+02
9.636575898E+00  3.865088196E+02
9.643151521E+00  4.021717834E+02
9.649727144E+00  4.189143677E+02
9.656302768E+00  4.333385925E+02
9.662878391E+00  4.457291260E+02
9.669454014E+00  4.522055969E+02
9.676029637E+00  4.518240967E+02
9.682605261E+00  4.539010620E+02
9.689180884E+00  4.499481506E+02
9.695756507E+00  4.448647766E+02
9.702332130E+00  4.347114258E+02
9.708907754E+00  4.174573669E+02
9.715483377E+00  3.969877625E+02
9.722059000E+00  3.756888428E+02
9.728634623E+00  3.544599609E+02
9.735210247E+00  3.346302185E+02
9.741785870E+00  3.137420349E+02
9.748361493E+00  2.948617859E+02
9.754937117E+00  2.773141479E+02
9.761512740E+00  2.619208374E+02
9.768088363E+00  2.461368866E+02
9.774663986E+00  2.304154205E+02
9.781239610E+00  2.161215973E+02
9.787815233E+00  2.037964325E+02
9.794390856E+00  1.922689514E+02
9.800966479E+00  1.818116150E+02
9.807542103E+00  1.707690887E+02
9.814117726E+00  1.626535645E+02
9.820693349E+00  1.535465393E+02
9.827268972E+00  1.452194824E+02
9.833844596E+00  1.371552734E+02
9.840420219E+00  1.307567139E+02
9.846995842E+00  1.257527924E+02
9.853571466E+00  1.227665253E+02
9.860147089E+00  1.215386124E+02
9.866722712E+00  1.194562607E+02
9.873298335E+00  1.165321426E+02
9.879873959E+00  1.146134033E+02
9.886449582E+00  1.134847031E+02
9.893025205E+00  1.142964249E+02
9.899600828E+00  1.151535416E+02
9.906176452E+00  1.164500809E+02
9.912752075E+00  1.177114258E+02
9.919327698E+00  1.186436157E+02
9.925903321E+00  1.177588654E+02
9.932478945E+00  1.175644836E+02
9.939054568E+00  1.186556702E+02
9.945630191E+00  1.193449173E+02
9.952205815E+00  1.190619049E+02
9.958781438E+00  1.182597351E+02
9.965357061E+00  1.174266891E+02
9.971932684E+00  1.175056076E+02
9.978508308E+00  1.183109283E+02
9.985083931E+00  1.181824722E+02
9.991659554E+00  1.160274353E+02
9.998235177E+00  1.129571152E+02
1.000481080E+01  1.092112274E+02
1.001138642E+01  1.062242966E+02
1.001796205E+01  1.033893585E+02
1.002453767E+01  1.010100632E+02
1.003111329E+01  9.835297394E+01
1.003768892E+01  9.410454559E+01
1.004426454E+01  8.915731049E+01
1.005084016E+01  8.604096985E+01
1.005741579E+01  8.329208374E+01
1.006399141E+01  8.082757568E+01
1.007056703E+01  7.894764709E+01
1.007714266E+01  7.546911621E+01
1.008371828E+01  6.964141083E+01
1.009029390E+01  6.522762299E+01
1.009686953E+01  6.086241913E+01
1.010344515E+01  5.735722733E+01
1.011002077E+01  5.332132721E+01
1.011659640E+01  5.130148697E+01
1.012317202E+01  4.880297852E+01
1.012974764E+01  4.523194504E+01
1.013632327E+01  4.234609222E+01
1.014289889E+01  4.024590302E+01
1.014947451E+01  3.896300888E+01
1.015605014E+01  3.812620926E+01
1.016262576E+01  3.749174881E+01
1.016920138E+01  3.567232132E+01
1.017577701E+01  3.301010895E+01
1.018235263E+01  3.094837570E+01
1.018892825E+01  2.938790703E+01
1.019550388E+01  2.922216797E+01
1.020207950E+01  2.794960594E+01
1.020865512E+01  2.805695534E+01
1.021523075E+01  2.743281364E+01
1.022180637E+01  2.598335838E+01
1.022838199E+01  2.264113808E+01
1.023495762E+01  2.038704872E+01
1.024153324E+01  1.868783379E+01
1.024810886E+01  1.774412537E+01
1.025468448E+01  1.765158463E+01
1.026126011E+01  1.800196648E+01
1.026783573E+01  1.837775803E+01
1.027441135E+01  1.845764351E+01
1.028098698E+01  1.899404144E+01
1.028756260E+01  2.040392685E+01
1.029413822E+01  2.130105400E+01
1.030071385E+01  2.156383133E+01
1.030728947E+01  1.934362221E+01
1.031386509E+01  1.844022751E+01
1.032044072E+01  1.698987770E+01
1.032701634E+01  1.600477982E+01
1.033359196E+01  1.616267204E+01
1.034016759E+01  1.770428085E+01
1.034674321E+01  1.775558472E+01
1.035331883E+01  1.782879257E+01
1.035989446E+01  1.796492195E+01
1.036647008E+01  1.864492607E+01
1.037304570E+01  1.721743393E+01
1.037962133E+01  1.608428955E+01
1.038619695E+01  1.449352646E+01
1.039277257E+01  1.328789902E+01
1.039934820E+01  1.359775162E+01
1.040592382E+01  1.431123447E+01
1.041249944E+01  1.373690128E+01
1.041907507E+01  1.379608917E+01
1.042565069E+01  1.379098797E+01
1.043222631E+01  1.380209541E+01
1.043880194E+01  1.379564476E+01
1.044537756E+01  1.393951702E+01
1.045195318E+01  1.436740398E+01
1.045852881E+01  1.432578087E+01
1.046510443E+01  1.271589661E+01
1.047168005E+01  9.616232872E+00
1.047825568E+01  7.915811539E+00
1.048483130E+01  7.420632839E+00
1.049140692E+01  7.313152790E+00
1.049798255E+01  6.500914574E+00
1.050455817E+01  4.834810257E+00
1.051113379E+01  5.022168159E+00
1.051770942E+01  5.726362228E+00
1.052428504E+01  6.934977531E+00
1.053086066E+01  7.118011951E+00
1.053743629E+01  5.955907345E+00
1.054401191E+01  6.315621376E+00
1.055058753E+01  6.325338840E+00
1.055716316E+01  6.676714897E+00
1.056373878E+01  5.850953579E+00
1.057031440E+01  4.077792168E+00
1.057689002E+01  2.215383530E+00
1.058346565E+01  1.957331061E+00
1.059004127E+01  2.010910749E+00
1.059661689E+01  1.509181857E+00
1.060319252E+01  1.052004814E+00
1.060976814E+01  1.033189535E+00
1.061634376E+01  1.690789938E+00
1.062291939E+01  1.946949244E+00
1.062949501E+01  2.867861509E+00
1.063607063E+01  3.889847279E+00
1.064264626E+01  3.955584764E+00
1.064922188E+01  3.833935022E+00
1.065579750E+01  3.208322287E+00
1.066237313E+01  3.231909990E+00
1.066894875E+01  3.823012352E+00
1.067552437E+01  3.754937887E+00
1.068210000E+01  2.690170765E+00
1.068867562E+01  1.263866782E+00
1.069525124E+01  -6.946624070E-02
1.070182687E+01  -9.729799628E-01
1.070840249E+01  -9.716258645E-01
1.071497811E+01  -7.646548152E-01
1.072155374E+01  3.139332831E-01
1.072812936E+01  2.498514891E+00
1.073470498E+01  4.343795776E+00
1.074128061E+01  5.669634342E+00
1.074785623E+01  4.140143871E+00
1.075443185E+01  3.576192141E+00
1.076100748E+01  3.333817005E+00
1.076758310E+01  2.350126505E+00
1.077415872E+01  9.108753204E-01
1.078073435E+01  4.888427854E-01
1.078730997E+01  3.375822604E-01
1.079388559E+01  1.075404644E+00
1.080046122E+01  5.988911912E-02
1.080703684E+01  4.855381846E-01
1.081361246E+01  6.411010623E-01
1.082018809E+01  2.008205414E+00
1.082676371E+01  2.137820721E+00
1.083333933E+01  2.132679462E+00
1.083991496E+01  2.235166550E+00
1.084649058E+01  2.706712008E+00
1.085306620E+01  2.673493862E+00
1.085964183E+01  2.150362015E+00
1.086621745E+01  8.264824748E-01
1.087279307E+01  4.574252665E-01
1.087936870E+01  1.108816028E+00
1.088594432E+01  1.862389803E+00
1.089251994E+01  2.542552471E+00
1.089909556E+01  3.728586674E+00
1.090567119E+01  5.211682320E+00
1.091224681E+01  5.203920841E+00
1.091882243E+01  5.615616322E+00
1.092539806E+01  6.234027863E+00
1.093197368E+01  6.073455811E+00
1.093854930E+01  6.451413155E+00
1.094512493E+01  6.059913158E+00
1.095170055E+01  5.479631901E+00
1.095827617E+01  4.838596344E+00
1.096485180E+01  4.394705296E+00
1.097142742E+01  3.845300436E+00
1.097800304E+01  2.309585571E+00
1.098457867E+01  1.738297343E+00
1.099115429E+01  2.374153376E+00
1.099772991E+01  3.667380333E+00
1.100430554E+01  4.978350163E+00
1.101088116E+01  5.410100937E+00
1.101745678E+01  4.153063297E+00
1.102403241E+01  2.618850470E+00
1.103060803E+01  1.925610065E+00
1.103718365E+01  1.722243309E+00
1.104375928E+01  2.236257792E+00
1.105033490E+01  2.423670292E+00
1.105691052E+01  2.327893972E+00
1.106348615E+01  2.354641438E+00
1.107006177E+01  3.776320934E+00
1.107663739E+01  3.740824699E+00
1.108321302E+01  4.843308926E+00
1.108978864E+01  7.382052422E+00
1.109636426E+01  1.044293022E+01
1.110293989E+01  1.167627048E+01
1.110951551E+01  1.159275341E+01
1.111609113E+01  1.073577499E+01
1.112266676E+01  9.896291733E+00
1.112924238E+01  8.757841110E+00
1.113581800E+01  8.124568939E+00
1.114239363E+01  9.057949066E+00
1.114896925E+01  1.028449726E+01
1.115554487E+01  1.011520767E+01
1.116212050E+01  1.043383408E+01
1.116869612E+01  1.041856766E+01
1.117527174E+01  1.002397442E+01
1.118184737E+01  9.325717926E+00
1.118842299E+01  8.681694984E+00
1.119499861E+01  8.951763153E+00
1.120157424E+01  9.811702728E+00
1.120814986E+01  1.150858879E+01
1.121472548E+01  1.161665344E+01
1.122130111E+01  1.080046463E+01
1.122787673E+01  1.025047588E+01
1.123445235E+01  8.160564423E+00
1.124102797E+01  7.254885674E+00
1.124760360E+01  8.007600784E+00
1.125417922E+01  8.245415688E+00
1.126075484E+01  8.393182755E+00
1.126733047E+01  9.061795235E+00
1.127390609E+01  9.652188301E+00
1.128048171E+01  1.068834782E+01
1.128705734E+01  1.077482605E+01
1.129363296E+01  1.229059410E+01
1.130020858E+01  1.302429199E+01
1.130678421E+01  1.312002850E+01
1.131335983E+01  1.220677662E+01
1.131993545E+01  1.222991657E+01
1.132651108E+01  1.165923882E+01
1.133308670E+01  1.249041557E+01
1.133966232E+01  1.400769138E+01
1.134623795E+01  1.515546131E+01
1.135281357E+01  1.547187328E+01
1.135938919E+01  1.440668964E+01
1.136596482E+01  1.296436024E+01
1.137254044E+01  1.312491512E+01
1.137911606E+01  1.235959244E+01
1.138569169E+01  1.212302589E+01
1.139226731E+01  1.208224583E+01
1.139884293E+01  1.202439785E+01
1.140541856E+01  1.275761700E+01
1.141199418E+01  1.296405888E+01
1.141856980E+01  1.455243778E+01
1.142514543E+01  1.563605118E+01
1.143172105E+01  1.738532448E+01
1.143829667E+01  1.871432686E+01
1.144487230E+01  1.865871048E+01
1.145144792E+01  1.822091866E+01
1.145802354E+01  1.774127960E+01
1.146459917E+01  1.720269775E+01
1.147117479E+01  1.591424847E+01
1.147775041E+01  1.612445450E+01
1.148432604E+01  1.605742264E+01
1.149090166E+01  1.582739639E+01
1.149747728E+01  1.600320435E+01
1.150405291E+01  1.552037334E+01
1.151062853E+01  1.446579933E+01
1.151720415E+01  1.365440178E+01
1.152377978E+01  1.421067238E+01
1.153035540E+01  1.500519371E+01
1.153693102E+01  1.688413811E+01
1.154350665E+01  1.805891228E+01
1.155008227E+01  1.790254211E+01
1.155665789E+01  1.669382095E+01
1.156323351E+01  1.695909882E+01
1.156980914E+01  1.844006538E+01
1.157638476E+01  1.999901199E+01
1.158296038E+01  1.983514786E+01
1.158953601E+01  2.064964294E+01
1.159611163E+01  2.017052078E+01
1.160268725E+01  1.949104309E+01
1.160926288E+01  1.856580353E+01
1.161583850E+01  1.880936050E+01
1.162241412E+01  1.940043449E+01
1.162898975E+01  1.992644501E+01
1.163556537E+01  2.207881165E+01
1.164214099E+01  2.304847527E+01
1.164871662E+01  2.332471848E+01
1.165529224E+01  2.332504845E+01
1.166186786E+01  2.450945282E+01
1.166844349E+01  2.442679787E+01
1.167501911E+01  2.432564926E+01
1.168159473E+01  2.481493378E+01
1.168817036E+01  2.599234962E+01
1.169474598E+01  2.626809120E+01
1.170132160E+01  2.607530975E+01
1.170789723E+01  2.564451790E+01
1.171447285E+01  2.750701332E+01
1.172104847E+01  2.856030273E+01
1.172762410E+01  2.790062332E+01
1.173419972E+01  2.534247780E+01
1.174077534E+01  2.375651741E+01
1.174735097E+01  2.165060234E+01
1.175392659E+01  2.053405571E+01
1.176050221E+01  1.979950142E+01
1.176707784E+01  1.958662796E+01
1.177365346E+01  1.856296158E+01
1.178022908E+01  1.910647202E+01
1.178680471E+01  1.911367989E+01
1.179338033E+01  1.822817993E+01
1.179995595E+01  1.733769608E+01
1.180653158E+01  1.748376846E+01
1.181310720E+01  1.716886330E+01
1.181968282E+01  1.755853462E+01
1.182625845E+01  1.788327599E+01
1.183283407E+01  1.698392677E+01
1.183940969E+01  1.482827759E+01
1.184598532E+01  1.318978024E+01
1.185256094E+01  1.292000961E+01
1.185913656E+01  1.305120087E+01
1.186571219E+01  1.201011753E+01
1.187228781E+01  1.330555248E+01
1.187886343E+01  1.438916683E+01
1.188543906E+01  1.508713150E+01
1.189201468E+01  1.594583035E+01
1.189859030E+01  1.654728889E+01
1.190516592E+01  1.725380516E+01
1.191174155E+01  1.722650337E+01
1.191831717E+01  1.673148537E+01
1.192489279E+01  1.608173370E+01
1.193146842E+01  1.595252419E+01
1.193804404E+01  1.678720856E+01
1.194461966E+01  1.813069344E+01
1.195119529E+01  1.856548882E+01
1.195777091E+01  1.917458725E+01
1.196434653E+01  1.860299683E+01
1.197092216E+01  1.893860054E+01
1.197749778E+01  1.823949051E+01
1.198407340E+01  1.710429192E+01
1.199064903E+01  1.774930573E+01
1.199722465E+01  1.743868446E+01
1.200380027E+01  1.697418404E+01
1.201037590E+01  1.593831825E+01
1.201695152E+01  1.638968086E+01
1.202352714E+01  1.695376205E+01
1.203010277E+01  1.743915749E+01
1.203667839E+01  1.712809944E+01
1.204325401E+01  1.679891586E+01
1.204982964E+01  1.712983894E+01
1.205640526E+01  1.809646606E+01
1.206298088E+01  1.670515823E+01
1.206955651E+01  1.498132324E+01
1.207613213E+01  1.429509640E+01
1.208270775E+01  1.460694504E+01
1.208928338E+01  1.589150143E+01
1.209585900E+01  1.569370937E+01
1.210243462E+01  1.515763760E+01
1.210901025E+01  1.483702278E+01
1.211558587E+01  1.677046585E+01
1.212216149E+01  1.723143196E+01
1.212873712E+01  1.748557472E+01
1.213531274E+01  1.775264931E+01
1.214188836E+01  1.745651627E+01
1.214846399E+01  1.836429024E+01
1.215503961E+01  1.961516571E+01
1.216161523E+01  2.014227295E+01
1.216819086E+01  1.940853310E+01
1.217476648E+01  1.907315445E+01
1.218134210E+01  1.886028099E+01
1.218791773E+01  1.913029289E+01
1.219449335E+01  1.911563492E+01
1.220106897E+01  1.987394714E+01
1.220764460E+01  2.138864517E+01
1.221422022E+01  2.274910927E+01
1.222079584E+01  2.308132744E+01
1.222737146E+01  2.364947510E+01
1.223394709E+01  2.306929016E+01
1.224052271E+01  2.284468842E+01
1.224709833E+01  2.112606430E+01
1.225367396E+01  1.969663048E+01
1.226024958E+01  1.903392601E+01
1.226682520E+01  1.997975159E+01
1.227340083E+01  2.071964836E+01
1.227997645E+01  2.125117493E+01
1.228655207E+01  2.264560890E+01
1.229312770E+01  2.499767303E+01
1.229970332E+01  2.651487350E+01
1.230627894E+01  2.731731415E+01
1.231285457E+01  2.656758118E+01
1.231943019E+01  2.635891724E+01
1.232600581E+01  2.766103172E+01
1.233258144E+01  2.838259888E+01
1.233915706E+01  2.925992584E+01
1.234573268E+01  3.044435501E+01
1.235230831E+01  3.117708015E+01
1.235888393E+01  3.140436554E+01
1.236545955E+01  3.170235825E+01
1.237203518E+01  3.328148651E+01
1.237861080E+01  3.416174698E+01
1.238518642E+01  3.395004654E+01
1.239176205E+01  3.297595596E+01
1.239833767E+01  3.345575714E+01
1.240491329E+01  3.503347397E+01
1.241148892E+01  3.520811081E+01
1.241806454E+01  3.653237534E+01
1.242464016E+01  3.810391235E+01
1.243121579E+01  3.982943726E+01
1.243779141E+01  4.015814972E+01
1.244436703E+01  4.024531555E+01
1.245094266E+01  4.062119293E+01
1.245751828E+01  4.154064560E+01
1.246409390E+01  4.167994308E+01
1.247066953E+01  4.288818741E+01
1.247724515E+01  4.311264038E+01
1.248382077E+01  4.259987640E+01
1.249039640E+01  4.243143845E+01
1.249697202E+01  4.222011185E+01
1.250354764E+01  4.221297073E+01
1.251012327E+01  4.397787476E+01
1.251669889E+01  4.311297989E+01
1.252327451E+01  4.174035263E+01
1.252985014E+01  4.177259445E+01
1.253642576E+01  4.101195145E+01
1.254300138E+01  3.990228271E+01
1.254957700E+01  4.017454147E+01
1.255615263E+01  4.121741104E+01
1.256272825E+01  4.194251251E+01
1.256930387E+01  4.301294327E+01
1.257587950E+01  4.195946121E+01
1.258245512E+01  4.107894897E+01
1.258903074E+01  3.925471497E+01
1.259560637E+01  3.912347794E+01
1.260218199E+01  3.941277695E+01
1.260875761E+01  4.070318604E+01
1.261533324E+01  4.048542404E+01
1.262190886E+01  4.111300659E+01
1.262848448E+01  4.103612518E+01
1.263506011E+01  4.174354553E+01
1.264163573E+01  4.186954117E+01
1.264821135E+01  4.221293640E+01
1.265478698E+01  4.161258316E+01
1.266136260E+01  4.157189178E+01
1.266793822E+01  3.975540161E+01
1.267451385E+01  3.945460129E+01
1.268108947E+01  3.953812790E+01
1.268766509E+01  4.129893112E+01
1.269424072E+01  4.301824570E+01
1.270081634E+01  4.389770508E+01
1.270739196E+01  4.421511841E+01
1.271396759E+01  4.396509933E+01
1.272054321E+01  4.283169174E+01
1.272711883E+01  4.360540390E+01
1.273369446E+01  4.367780685E+01
1.274027008E+01  4.275248718E+01
1.274684570E+01  4.244708252E+01
1.275342133E+01  4.213901138E+01
1.275999695E+01  4.248644257E+01
1.276657257E+01  4.242098618E+01
1.277314820E+01  4.105686569E+01
1.277972382E+01  3.989892960E+01
1.278629944E+01  4.017908478E+01
1.279287507E+01  4.033284378E+01
1.279945069E+01  4.067755890E+01
1.280602631E+01  4.102618790E+01
1.281260194E+01  4.090946198E+01
1.281917756E+01  4.058516312E+01
1.282575318E+01  3.999320984E+01
1.283232881E+01  3.858474731E+01
1.283890443E+01  3.677235031E+01
1.284548005E+01  3.592269135E+01
1.285205568E+01  3.409776688E+01
1.285863130E+01  3.365692520E+01
1.286520692E+01  3.251568604E+01
1.287178255E+01  3.124141502E+01
1.287835817E+01  2.933751678E+01
1.288493379E+01  2.860622787E+01
1.289150941E+01  2.991570663E+01
1.289808504E+01  3.098323250E+01
1.290466066E+01  3.072139931E+01
1.291123628E+01  3.066341209E+01
1.291781191E+01  2.954218292E+01
1.292438753E+01  2.793535233E+01
1.293096315E+01  2.618081856E+01
1.293753878E+01  2.442312241E+01
1.294411440E+01  2.490934753E+01
1.295069002E+01  2.451304054E+01
1.295726565E+01  2.326205063E+01
1.296384127E+01  2.173647308E+01
1.297041689E+01  2.097148514E+01
1.297699252E+01  2.129376793E+01
1.298356814E+01  2.233322906E+01
1.299014376E+01  2.199174500E+01
1.299671939E+01  2.230498886E+01
1.300329501E+01  2.170853615E+01
1.300987063E+01  2.069557762E+01
1.301644626E+01  1.970266724E+01
1.302302188E+01  1.821762848E+01
1.302959750E+01  1.684010124E+01
1.303617313E+01  1.594169998E+01
1.304274875E+01  1.578857040E+01
1.304932437E+01  1.546668339E+01
1.305590000E+01  1.676171684E+01
1.306247562E+01  1.775671005E+01
1.306905124E+01  1.860013771E+01
1.307562687E+01  1.731204987E+01
1.308220249E+01  1.605654526E+01
1.308877811E+01  1.442691898E+01
1.309535374E+01  1.471959114E+01
1.310192936E+01  1.371193981E+01
1.310850498E+01  1.137665462E+01
1.311508061E+01  1.013418007E+01
1.312165623E+01  8.971855164E+00
1.312823185E+01  8.164613724E+00
1.313480748E+01  7.778898239E+00
1.314138310E+01  7.594038486E+00
1.314795872E+01  7.514853477E+00
1.315453435E+01  5.856807709E+00
1.316110997E+01  4.545717239E+00
1.316768559E+01  3.803295612E+00
1.317426122E+01  3.771180868E+00
1.318083684E+01  2.494818687E+00
1.318741246E+01  1.405886292E+00
1.319398809E+01  1.751003385E+00
1.320056371E+01  3.313899279E+00
1.320713933E+01  3.914438009E+00
1.321371495E+01  4.178636074E+00
1.322029058E+01  6.183683395E+00
1.322686620E+01  5.790462494E+00
1.323344182E+01  4.795404434E+00
1.324001745E+01  4.553535461E+00
1.324659307E+01  5.581015587E+00
1.325316869E+01  5.266077518E+00
1.325974432E+01  6.404669762E+00
1.326631994E+01  8.180438042E+00
1.327289556E+01  1.062810516E+01
1.327947119E+01  1.201872158E+01
1.328604681E+01  1.250420094E+01
1.329262243E+01  1.195227909E+01
1.329919806E+01  1.147385502E+01
1.330577368E+01  1.123891449E+01
1.331234930E+01  1.131490612E+01
1.331892493E+01  1.078441334E+01
1.332550055E+01  1.233988857E+01
1.333207617E+01  1.361177254E+01
1.333865180E+01  1.445755672E+01
1.334522742E+01  1.612438583E+01
1.335180304E+01  1.911233139E+01
1.335837867E+01  2.270516014E+01
1.336495429E+01  2.616222572E+01
1.337152991E+01  2.911153412E+01
1.337810554E+01  3.256097412E+01
1.338468116E+01  3.591053009E+01
1.339125678E+01  3.848498154E+01
1.339783241E+01  4.139231873E+01
1.340440803E+01  4.303106308E+01
1.341098365E+01  4.607755280E+01
1.341755928E+01  4.979066467E+01
1.342413490E+01  5.368218994E+01
1.343071052E+01  5.473560333E+01
1.343728615E+01  5.669219208E+01
1.344386177E+01  5.764432144E+01
1.345043739E+01  5.966188049E+01
1.345701302E+01  6.072444534E+01
1.346358864E+01  6.393656921E+01
1.347016426E+01  6.755223083E+01
1.347673989E+01  7.287277222E+01
1.348331551E+01  7.711846924E+01
1.348989113E+01  8.084847260E+01
1.349646676E+01  8.551840973E+01
1.350304238E+01  9.016690826E+01
1.350961800E+01  9.402840424E+01
1.351619363E+01  9.763616180E+01
1.352276925E+01  1.017148361E+02
1.352934487E+01  1.057971954E+02
1.353592050E+01  1.099282150E+02
1.354249612E+01  1.134834213E+02
1.354907174E+01  1.173227310E+02
1.355564736E+01  1.218548737E+02
1.356222299E+01  1.255603485E+02
1.356879861E+01  1.294631348E+02
1.357537423E+01  1.339416656E+02
1.358194986E+01  1.389813385E+02
1.358852548E+01  1.438502502E+02
1.359510110E+01  1.481246033E+02
1.360167673E+01  1.516393890E+02
1.360825235E+01  1.549258728E+02
1.361482797E+01  1.592624054E+02
1.362140360E+01  1.633692169E+02
1.362797922E+01  1.677736969E+02
1.363455484E+01  1.725983887E+02
1.364113047E+01  1.763633423E+02
1.364770609E+01  1.813225098E+02
1.365428171E+01  1.871887512E+02
1.366085734E+01  1.935666199E+02
1.366743296E+01  1.984419403E+02
1.367400858E+01  2.027546844E+02
1.368058421E+01  2.107534027E+02
1.368715983E+01  2.167339935E+02
1.369373545E+01  2.198502960E+02
1.370031108E+01  2.208210449E+02
1.370688670E+01  2.212683716E+02
1.371346232E+01  2.219710541E+02
1.372003795E+01  2.249291077E+02
1.372661357E+01  2.263330078E+02
1.373318919E+01  2.257105713E+02
1.373976482E+01  2.229377899E+02
1.374634044E+01  2.201787415E+02
1.375291606E+01  2.198914337E+02
1.375949169E+01  2.201764984E+02
1.376606731E+01  2.206813660E+02
1.377264293E+01  2.191653442E+02
1.377921856E+01  2.185034485E+02
1.378579418E+01  2.172835541E+02
1.379236980E+01  2.157268982E+02
1.379894543E+01  2.139115753E+02
1.380552105E+01  2.124157410E+02
1.381209667E+01  2.089610901E+02
1.381867230E+01  2.057180023E+02
1.382524792E+01  2.029643555E+02
1.383182354E+01  1.994247284E+02
1.383839917E+01  1.938799133E+02
1.384497479E+01  1.876228485E+02
1.385155041E+01  1.822033539E+02
1.385812604E+01  1.780013123E+02
1.386470166E+01  1.749732513E+02
1.387127728E+01  1.727148743E+02
1.387785290E+01  1.691324158E+02
1.388442853E+01  1.651819305E+02
1.389100415E+01  1.604048920E+02
1.389757977E+01  1.576245422E+02
1.390415540E+01  1.537221985E+02
1.391073102E+01  1.510816345E+02
1.391730664E+01  1.478532257E+02
1.392388227E+01  1.447932892E+02
1.393045789E+01  1.404662476E+02
1.393703351E+01  1.362690430E+02
1.394360914E+01  1.320995941E+02
1.395018476E+01  1.276683197E+02
1.395676038E+01  1.242183380E+02
1.396333601E+01  1.209478607E+02
1.396991163E+01  1.186874161E+02
1.397648725E+01  1.160692749E+02
1.398306288E+01  1.126202469E+02
1.398963850E+01  1.096928329E+02
1.399621412E+01  1.080794601E+02
1.400278975E+01  1.050759735E+02
1.400936537E+01  1.015309601E+02
1.401594099E+01  9.719876099E+01
1.402251662E+01  9.405342865E+01
1.402909224E+01  9.118721008E+01
1.403566786E+01  8.891058350E+01
1.404224349E+01  8.720932770E+01
1.404881911E+01  8.493740082E+01
1.405539473E+01  8.073487854E+01
1.406197036E+01  7.740052032E+01
1.406854598E+01  7.499774933E+01
1.407512160E+01  7.354212952E+01
1.408169723E+01  7.130606842E+01
1.408827285E+01  6.987445068E+01
1.409484847E+01  6.668376160E+01
1.410142410E+01  6.294486237E+01
1.410799972E+01  5.984373856E+01
1.411457534E+01  5.739497757E+01
1.412115097E+01  5.602870178E+01
1.412772659E+01  5.478244781E+01
1.413430221E+01  5.332070923E+01
1.414087784E+01  5.240955353E+01
1.414745346E+01  5.087704086E+01
1.415402908E+01  4.985251999E+01
1.416060471E+01  4.863818359E+01
1.416718033E+01  4.814999008E+01
1.417375595E+01  4.749141312E+01
1.418033158E+01  4.587723923E+01
1.418690720E+01  4.382597733E+01
1.419348282E+01  4.164080429E+01
1.420005844E+01  4.078016663E+01
1.420663407E+01  3.916247177E+01
1.421320969E+01  3.694295120E+01
1.421978531E+01  3.606735611E+01
1.422636094E+01  3.489550400E+01
1.423293656E+01  3.462168884E+01
1.423951218E+01  3.283815002E+01
1.424608781E+01  3.090763283E+01
1.425266343E+01  2.971290588E+01
1.425923905E+01  3.002736282E+01
1.426581468E+01  2.818347549E+01
1.427239030E+01  2.515629578E+01
1.427896592E+01  2.280613136E+01
1.428554155E+01  2.051867676E+01
1.429211717E+01  1.900140190E+01
1.429869279E+01  1.827281570E+01
1.430526842E+01  1.779868889E+01
1.431184404E+01  1.693004417E+01
1.431841966E+01  1.580501938E+01
1.432499529E+01  1.634299278E+01
1.433157091E+01  1.618942070E+01
1.433814653E+01  1.523096943E+01
1.434472216E+01  1.354131413E+01
1.435129778E+01  1.321073246E+01
1.435787340E+01  1.217911053E+01
1.436444903E+01  1.148740482E+01
1.437102465E+01  9.729309082E+00
1.437760027E+01  1.023581886E+01
1.438417590E+01  1.097269535E+01
1.439075152E+01  1.017083454E+01
1.439732714E+01  8.423439026E+00
1.440390277E+01  7.595681667E+00
1.441047839E+01  7.384765625E+00
1.441705401E+01  7.670024395E+00
1.442362964E+01  7.504130840E+00
1.443020526E+01  6.701475143E+00
1.443678088E+01  5.405550480E+00
1.444335651E+01  5.013756275E+00
1.444993213E+01  4.739898682E+00
1.445650775E+01  4.719658375E+00
1.446308338E+01  4.705904961E+00
1.446965900E+01  4.520844936E+00
1.447623462E+01  4.854361057E+00
1.448281025E+01  4.933446407E+00
1.448938587E+01  6.157947063E+00
1.449596149E+01  6.522436142E+00
1.450253712E+01  7.055668354E+00
1.450911274E+01  7.460716248E+00
1.451568836E+01  7.975322247E+00
1.452226399E+01  6.832834244E+00
1.452883961E+01  6.528322697E+00
1.453541523E+01  5.679416656E+00
1.454199085E+01  5.118102551E+00
1.454856648E+01  5.712502480E+00
1.455514210E+01  7.272145271E+00
1.456171772E+01  8.144160271E+00
1.456829335E+01  9.056536674E+00
1.457486897E+01  9.428672791E+00
1.458144459E+01  9.894811630E+00
1.458802022E+01  8.995448112E+00
1.459459584E+01  7.584555626E+00
1.460117146E+01  6.081538200E+00
1.460774709E+01  4.573282242E+00
1.461432271E+01  3.884955883E+00
1.462089833E+01  4.240654945E+00
1.462747396E+01  4.877171993E+00
1.463404958E+01  6.266162872E+00
1.464062520E+01  6.310925484E+00
1.464720083E+01  7.613000870E+00
1.465377645E+01  7.274907112E+00
1.466035207E+01  7.243400574E+00
1.466692770E+01  7.052640915E+00
1.467350332E+01  7.682588577E+00
1.468007894E+01  6.952559948E+00
1.468665457E+01  6.165757179E+00
1.469323019E+01  7.122942448E+00
1.469980581E+01  9.038938522E+00
1.470638144E+01  1.107925320E+01
1.471295706E+01  1.065255642E+01
1.471953268E+01  9.923377037E+00
1.472610831E+01  9.019135475E+00
1.473268393E+01  8.836293221E+00
1.473925955E+01  7.888010025E+00
1.474583518E+01  6.713813782E+00
1.475241080E+01  5.553913116E+00
1.475898642E+01  5.126057148E+00
1.476556205E+01  4.784710884E+00
1.477213767E+01  4.258852005E+00
1.477871329E+01  4.582632542E+00
1.478528892E+01  5.391278267E+00
1.479186454E+01  6.056829929E+00
1.479844016E+01  6.806310177E+00
1.480501579E+01  7.768594265E+00
1.481159141E+01  7.154590130E+00
1.481816703E+01  6.649325848E+00
1.482474266E+01  7.005700111E+00
1.483131828E+01  7.127979279E+00
1.483789390E+01  7.254413605E+00
1.484446953E+01  6.516808987E+00
1.485104515E+01  6.252537251E+00
1.485762077E+01  5.990865231E+00
1.486419639E+01  7.405103207E+00
1.487077202E+01  9.440535545E+00
1.487734764E+01  9.260707855E+00
1.488392326E+01  8.496453285E+00
1.489049889E+01  7.457804203E+00
1.489707451E+01  7.694051743E+00
1.490365013E+01  8.340914726E+00
1.491022576E+01  7.994561195E+00
1.491680138E+01  7.885440350E+00
1.492337700E+01  7.094585896E+00
1.492995263E+01  7.946688175E+00
1.493652825E+01  7.415362358E+00
1.494310387E+01  7.374129295E+00
1.494967950E+01  7.296120167E+00
1.495625512E+01  7.473803997E+00
1.496283074E+01  8.453557014E+00
1.496940637E+01  1.019875050E+01
1.497598199E+01  9.236233711E+00
1.498255761E+01  8.601156235E+00
1.498913324E+01  8.567929268E+00
1.499570886E+01  1.087336636E+01
1.500228448E+01  1.136951828E+01
1.500886011E+01  1.206615067E+01
1.501543573E+01  1.147498417E+01
1.502201135E+01  1.216731071E+01
1.502858698E+01  1.202692223E+01
1.503516260E+01  9.363882065E+00
1.504173822E+01  7.525851250E+00
1.504831385E+01  7.229633808E+00
1.505488947E+01  8.290664673E+00
1.506146509E+01  8.637172699E+00
1.506804072E+01  8.225708008E+00
1.507461634E+01  7.402958393E+00
1.508119196E+01  8.060530663E+00
1.508776759E+01  8.403510094E+00
1.509434321E+01  7.385027885E+00
1.510091883E+01  6.220911026E+00
1.510749446E+01  6.730011940E+00
1.511407008E+01  7.341535568E+00
1.512064570E+01  8.679509163E+00
1.512722133E+01  8.477334976E+00
1.513379695E+01  8.830718040E+00
1.514037257E+01  9.370521545E+00
1.514694820E+01  8.803776741E+00
1.515352382E+01  9.900992393E+00
1.516009944E+01  9.550352097E+00
1.516667507E+01  9.231834412E+00
1.517325069E+01  8.038211823E+00
1.517982631E+01  7.143796444E+00
1.518640194E+01  6.220949173E+00
1.519297756E+01  6.101209641E+00
1.519955318E+01  7.092189789E+00
1.520612880E+01  8.932654381E+00
1.521270443E+01  9.512247086E+00
1.521928005E+01  8.301665306E+00
1.522585567E+01  7.399536133E+00
1.523243130E+01  6.977241993E+00
1.523900692E+01  7.127062321E+00
1.524558254E+01  7.122429371E+00
1.525215817E+01  7.529257774E+00
1.525873379E+01  8.384652138E+00
1.526530941E+01  9.853649139E+00
1.527188504E+01  9.999235153E+00
1.527846066E+01  1.062560844E+01
1.528503628E+01  8.820659637E+00
1.529161191E+01  8.017006874E+00
1.529818753E+01  6.857232571E+00
1.530476315E+01  5.938019276E+00
1.531133878E+01  6.270115852E+00
1.531791440E+01  6.422865868E+00
1.532449002E+01  5.787880421E+00
1.533106565E+01  4.623960018E+00
1.533764127E+01  3.791957617E+00
1.534421689E+01  3.746478081E+00
1.535079252E+01  4.253651619E+00
1.535736814E+01  4.043477535E+00
1.536394376E+01  4.319590092E+00
1.537051939E+01  4.327617645E+00
1.537709501E+01  4.688678265E+00
1.538367063E+01  5.096645832E+00
1.539024626E+01  4.948521137E+00
1.539682188E+01  4.989450455E+00
1.540339750E+01  5.139875412E+00
1.540997313E+01  6.223070621E+00
1.541654875E+01  7.866511345E+00
1.542312437E+01  7.680583954E+00
1.542970000E+01  6.953898430E+00
1.543627562E+01  5.193327427E+00
1.544285124E+01  4.619611740E+00
1.544942687E+01  3.770874977E+00
1.545600249E+01  3.429870844E+00
1.546257811E+01  4.050251484E+00
1.546915374E+01  5.854223251E+00
1.547572936E+01  6.890165806E+00
1.548230498E+01  8.171299934E+00
1.548888061E+01  7.691806793E+00
1.549545623E+01  6.437074661E+00
1.550203185E+01  4.791906834E+00
1.550860748E+01  4.625969887E+00
1.551518310E+01  4.911467552E+00
1.552175872E+01  5.793943882E+00
1.552833434E+01  5.876460075E+00
1.553490997E+01  5.282586098E+00
1.554148559E+01  5.356104851E+00
1.554806121E+01  5.385622501E+00
1.555463684E+01  6.221268177E+00
1.556121246E+01  5.629185200E+00
1.556778808E+01  4.554716110E+00
1.557436371E+01  3.133631706E+00
1.558093933E+01  2.775628090E+00
1.558751495E+01  1.771748543E+00
1.559409058E+01  1.526316524E+00
1.560066620E+01  1.766409278E+00
1.560724182E+01  2.242053032E+00
1.561381745E+01  3.049953461E+00
1.562039307E+01  4.385448456E+00
1.562696869E+01  5.815458775E+00
1.563354432E+01  6.449873447E+00
1.564011994E+01  6.845359802E+00
1.564669556E+01  5.363760471E+00
1.565327119E+01  5.107153893E+00
1.565984681E+01  4.849981785E+00
1.566642243E+01  6.543446064E+00
1.567299806E+01  5.563551903E+00
1.567957368E+01  5.161795616E+00
1.568614930E+01  5.205397606E+00
1.569272493E+01  4.580620766E+00
1.569930055E+01  4.326563358E+00
1.570587617E+01  5.465234280E+00
1.571245180E+01  5.741787910E+00
1.571902742E+01  6.754408836E+00
1.572560304E+01  7.344934940E+00
1.573217867E+01  8.439189911E+00
1.573875429E+01  9.249619484E+00
1.574532991E+01  1.053408241E+01
1.575190554E+01  1.215395451E+01
1.575848116E+01  1.419863892E+01
1.576505678E+01  1.501535320E+01
1.577163241E+01  1.645375824E+01
1.577820803E+01  1.901292992E+01
1.578478365E+01  2.025249100E+01
1.579135928E+01  2.201038742E+01
1.579793490E+01  2.316655540E+01
1.580451052E+01  2.451353073E+01
1.581108615E+01  2.390293312E+01
1.581766177E+01  2.317465973E+01
1.582423739E+01  2.127505875E+01
1.583081302E+01  2.213045311E+01
1.583738864E+01  2.371746254E+01
1.584396426E+01  2.605615807E+01
1.585053988E+01  2.861388397E+01
1.585711551E+01  3.013336563E+01
1.586369113E+01  3.155508614E+01
1.587026675E+01  3.283808136E+01
1.587684238E+01  3.453171921E+01
1.588341800E+01  3.779278564E+01
1.588999362E+01  4.068284988E+01
1.589656925E+01  4.256475067E+01
1.590314487E+01  4.570513535E+01
1.590972049E+01  5.027103424E+01
1.591629612E+01  5.559256744E+01
1.592287174E+01  5.917709732E+01
1.592944736E+01  6.245239639E+01
1.593602299E+01  6.443167877E+01
1.594259861E+01  6.789281464E+01
1.594917423E+01  7.221912384E+01
1.595574986E+01  7.657520294E+01
1.596232548E+01  8.155335236E+01
1.596890110E+01  8.960135651E+01
1.597547673E+01  9.695458984E+01
1.598205235E+01  1.030852509E+02
1.598862797E+01  1.090944214E+02
1.599520360E+01  1.142326279E+02
1.600177922E+01  1.207591476E+02
1.600835484E+01  1.290397491E+02
1.601493047E+01  1.366549835E+02
1.602150609E+01  1.454642792E+02
1.602808171E+01  1.521883392E+02
1.603465734E+01  1.578423157E+02
1.604123296E+01  1.634511566E+02
1.604780858E+01  1.694811554E+02
1.605438421E+01  1.760011902E+02
1.606095983E+01  1.829561005E+02
1.606753545E+01  1.884098969E+02
1.607411108E+01  1.943425598E+02
1.608068670E+01  2.000607452E+02
1.608726232E+01  2.060898895E+02
1.609383795E+01  2.112307739E+02
1.610041357E+01  2.136094208E+02
1.610698919E+01  2.150969391E+02
1.611356482E+01  2.170756989E+02
1.612014044E+01  2.188386688E+02
1.612671606E+01  2.210533600E+02
1.613329169E+01  2.215870209E+02
1.613986731E+01  2.227819366E+02
1.614644293E+01  2.214633484E+02
1.615301856E+01  2.212284393E+02
1.615959418E+01  2.189654541E+02
1.616616980E+01  2.182452087E+02
1.617274543E+01  2.156932220E+02
1.617932105E+01  2.115507507E+02
1.618589667E+01  2.065717163E+02
1.619247229E+01  2.025998993E+02
1.619904792E+01  1.983809509E+02
1.620562354E+01  1.926019135E+02
1.621219916E+01  1.872603607E+02
1.621877479E+01  1.818719635E+02
1.622535041E+01  1.756452179E+02
1.623192603E+01  1.695948181E+02
1.623850166E+01  1.642124939E+02
1.624507728E+01  1.596862183E+02
1.625165290E+01  1.556190796E+02
1.625822853E+01  1.503391876E+02
1.626480415E+01  1.444598541E+02
1.627137977E+01  1.379776611E+02
1.627795540E+01  1.318750610E+02
1.628453102E+01  1.260162964E+02
1.629110664E+01  1.194214020E+02
1.629768227E+01  1.114487762E+02
1.630425789E+01  1.057092590E+02
1.631083351E+01  9.972677612E+01
1.631740914E+01  9.542661285E+01
1.632398476E+01  9.168962097E+01
1.633056038E+01  8.749039459E+01
1.633713601E+01  8.195930481E+01
1.634371163E+01  7.691664886E+01
1.635028725E+01  7.289756775E+01
1.635686288E+01  6.871551514E+01
1.636343850E+01  6.533142090E+01
1.637001412E+01  6.244106293E+01
1.637658975E+01  5.920360947E+01
1.638316537E+01  5.645203781E+01
1.638974099E+01  5.248126221E+01
1.639631662E+01  4.950023651E+01
1.640289224E+01  4.614518356E+01
1.640946786E+01  4.220611191E+01
1.641604349E+01  3.994131088E+01
1.642261911E+01  3.914861298E+01
1.642919473E+01  3.734509277E+01
1.643577036E+01  3.604439926E+01
1.644234598E+01  3.511517715E+01
1.644892160E+01  3.411307526E+01
1.645549723E+01  3.345555496E+01
1.646207285E+01  3.255911636E+01
1.646864847E+01  3.142570114E+01
1.647522410E+01  2.992004395E+01
1.648179972E+01  2.960854340E+01
1.648837534E+01  3.004881096E+01
1.649495097E+01  2.872130966E+01
1.650152659E+01  2.688970947E+01
1.650810221E+01  2.560917854E+01
1.651467783E+01  2.512288094E+01
1.652125346E+01  2.592006874E+01
1.652782908E+01  2.733375168E+01
1.653440470E+01  2.923160172E+01
1.654098033E+01  3.080013847E+01
1.654755595E+01  3.097978973E+01
1.655413157E+01  3.131596375E+01
1.656070720E+01  3.039312744E+01
1.656728282E+01  3.118246841E+01
1.657385844E+01  3.204335403E+01
1.658043407E+01  3.319599533E+01
1.658700969E+01  3.431762314E+01
1.659358531E+01  3.531789780E+01
1.660016094E+01  3.583254623E+01
1.660673656E+01  3.657932663E+01
1.661331218E+01  3.833702850E+01
1.661988781E+01  3.894743347E+01
1.662646343E+01  3.920982742E+01
1.663303905E+01  4.044450378E+01
1.663961468E+01  4.163580322E+01
1.664619030E+01  4.230664825E+01
1.665276592E+01  4.318405533E+01
1.665934155E+01  4.514249802E+01
1.666591717E+01  4.785381699E+01
1.667249279E+01  5.026181793E+01
1.667906842E+01  5.183765030E+01
1.668564404E+01  5.268770981E+01
1.669221966E+01  5.401313019E+01
1.669879529E+01  5.495643616E+01
1.670537091E+01  5.694922256E+01
1.671194653E+01  5.746897507E+01
1.671852216E+01  5.723732376E+01
1.672509778E+01  5.810333633E+01
1.673167340E+01  5.986628342E+01
1.673824903E+01  6.164525223E+01
1.674482465E+01  6.303686523E+01
1.675140027E+01  6.407868195E+01
1.675797590E+01  6.521204376E+01
1.676455152E+01  6.599941254E+01
1.677112714E+01  6.691095734E+01
1.677770277E+01  6.887435150E+01
1.678427839E+01  7.040617371E+01
1.679085401E+01  7.120363617E+01
1.679742964E+01  7.180184937E+01
1.680400526E+01  7.310752106E+01
1.681058088E+01  7.277198792E+01
1.681715651E+01  7.292947388E+01
1.682373213E+01  7.390662384E+01
1.683030775E+01  7.526785278E+01
1.683688338E+01  7.681342316E+01
1.684345900E+01  7.711020660E+01
1.685003462E+01  7.543601227E+01
1.685661024E+01  7.319412231E+01
1.686318587E+01  7.100659943E+01
1.686976149E+01  6.968103027E+01
1.687633711E+01  6.916709900E+01
1.688291274E+01  6.997455597E+01
1.688948836E+01  7.026010895E+01
1.689606398E+01  6.929815674E+01
1.690263961E+01  6.953301239E+01
1.690921523E+01  6.872880554E+01
1.691579085E+01  6.755593109E+01
1.692236648E+01  6.595820618E+01
1.692894210E+01  6.502300262E+01
1.693551772E+01  6.173906708E+01
1.694209335E+01  5.794766998E+01
1.694866897E+01  5.479721451E+01
1.695524459E+01  5.222419357E+01
1.696182022E+01  5.112602615E+01
1.696839584E+01  5.029710007E+01
1.697497146E+01  4.947223663E+01
1.698154709E+01  4.810597610E+01
1.698812271E+01  4.732229996E+01
1.699469833E+01  4.655424881E+01
1.700127396E+01  4.599025345E+01
1.700784958E+01  4.396179581E+01
1.701442520E+01  4.194342804E+01
1.702100083E+01  4.010696030E+01
1.702757645E+01  3.810028076E+01
1.703415207E+01  3.674607849E+01
1.704072770E+01  3.547397614E+01
1.704730332E+01  3.389523697E+01
1.705387894E+01  3.162697983E+01
1.706045457E+01  2.959541130E+01
1.706703019E+01  2.800944901E+01
1.707360581E+01  2.689148903E+01
1.708018144E+01  2.548854065E+01
1.708675706E+01  2.509594917E+01
1.709333268E+01  2.449051094E+01
1.709990831E+01  2.468925858E+01
1.710648393E+01  2.362914848E+01
1.711305955E+01  2.221393776E+01
1.711963518E+01  2.119943428E+01
1.712621080E+01  2.043129349E+01
1.713278642E+01  1.970146942E+01
1.713936205E+01  1.869643974E+01
1.714593767E+01  1.671548653E+01
1.715251329E+01  1.492703247E+01
1.715908892E+01  1.215673065E+01
1.716566454E+01  1.008668327E+01
1.717224016E+01  9.069403648E+00
1.717881578E+01  9.634655952E+00
1.718539141E+01  1.072480202E+01
1.719196703E+01  1.136765671E+01
1.719854265E+01  1.141086102E+01
1.720511828E+01  1.063467312E+01
1.721169390E+01  8.288103104E+00
1.721826952E+01  6.659713268E+00
1.722484515E+01  6.120094776E+00
1.723142077E+01  4.816208363E+00
1.723799639E+01  4.829095364E+00
1.724457202E+01  3.887257099E+00
1.725114764E+01  4.066360950E+00
1.725772326E+01  5.037776947E+00
1.726429889E+01  5.548068047E+00
1.727087451E+01  5.301313877E+00
1.727745013E+01  4.871709824E+00
1.728402576E+01  4.637158871E+00
1.729060138E+01  5.063940525E+00
1.729717700E+01  5.316085815E+00
1.730375263E+01  4.532720566E+00
1.731032825E+01  4.148865700E+00
1.731690387E+01  4.070731163E+00
1.732347950E+01  2.803158760E+00
1.733005512E+01  2.157138109E+00
1.733663074E+01  6.252995729E-01
1.734320637E+01  2.398216128E-01
1.734978199E+01  1.673506975E+00
1.735635761E+01  2.476110697E+00
1.736293324E+01  2.648071051E+00
1.736950886E+01  2.162482738E+00
1.737608448E+01  2.131601095E+00
1.738266011E+01  2.148639917E+00
1.738923573E+01  2.868338108E+00
1.739581135E+01  2.771607876E+00
1.740238698E+01  2.463876247E+00
1.740896260E+01  2.946569443E+00
1.741553822E+01  2.661057711E+00
1.742211385E+01  1.935434699E+00
1.742868947E+01  2.698383331E+00
1.743526509E+01  2.278493404E+00
1.744184072E+01  1.541468501E+00
1.744841634E+01  9.287002683E-01
1.745499196E+01  2.148674965E+00
1.746156759E+01  1.960664272E+00
1.746814321E+01  1.304608941E+00
1.747471883E+01  1.545746565E+00
1.748129446E+01  1.440920591E+00
1.748787008E+01  1.483794570E+00
1.749444570E+01  1.788152337E+00
1.750102132E+01  1.157234192E+00
1.750759695E+01  9.020950794E-01
1.751417257E+01  8.181671500E-01
1.752074819E+01  1.653520584E+00
1.752732382E+01  4.765387177E-01
1.753389944E+01  1.402733922E-01
1.754047506E+01  4.269779474E-02
1.754705069E+01  1.051510811E+00
1.755362631E+01  1.450425625E+00
1.756020193E+01  1.910848618E+00
1.756677756E+01  2.248715162E+00
1.757335318E+01  3.249683857E+00
1.757992880E+01  3.351266146E+00
1.758650443E+01  1.829837084E+00
1.759308005E+01  3.162597120E-01
1.759965567E+01  1.078976169E-01
1.760623130E+01  1.520126313E-01
1.761280692E+01  2.867528051E-02
1.761938254E+01  3.426096216E-02
1.762595817E+01  7.195361257E-01
1.763253379E+01  1.928811669E-01
1.763910941E+01  7.653104663E-01
1.764568504E+01  1.135043025E+00
1.765226066E+01  9.646514654E-01
1.765883628E+01  1.358601689E+00
1.766541191E+01  1.409640312E+00
1.767198753E+01  1.654849768E+00
1.767856315E+01  1.618617773E+00
1.768513878E+01  2.125138283E+00
1.769171440E+01  2.776927471E+00
1.769829002E+01  3.350332499E+00
1.770486565E+01  3.537230492E+00
1.771144127E+01  3.331749201E+00
1.771801689E+01  3.470207691E+00
1.772459252E+01  3.930140972E+00
1.773116814E+01  4.417116165E+00
1.773774376E+01  4.318834782E+00
1.774431939E+01  3.964409351E+00
1.775089501E+01  4.080420017E+00
1.775747063E+01  4.636126518E+00
1.776404626E+01  4.301477909E+00
1.777062188E+01  5.400237083E+00
1.777719750E+01  6.877264500E+00
1.778377313E+01  8.252619743E+00
1.779034875E+01  8.033669472E+00
1.779692437E+01  7.607179642E+00
1.780350000E+01  7.575736523E+00
1.781007562E+01  7.372982025E+00
1.781665124E+01  7.975527287E+00
1.782322687E+01  7.860960007E+00
1.782980249E+01  7.368192673E+00
1.783637811E+01  7.624222755E+00
1.784295373E+01  8.096375465E+00
1.784952936E+01  8.366719246E+00
1.785610498E+01  7.089582920E+00
1.786268060E+01  5.868995667E+00
1.786925623E+01  5.776756763E+00
1.787583185E+01  5.455947399E+00
1.788240747E+01  6.705402851E+00
1.788898310E+01  7.822978020E+00
1.789555872E+01  9.545484543E+00
1.790213434E+01  1.108677769E+01
1.790870997E+01  1.185992908E+01
1.791528559E+01  1.169938946E+01
1.792186121E+01  1.296255302E+01
1.792843684E+01  1.301023006E+01
1.793501246E+01  1.254600143E+01
1.794158808E+01  1.298731041E+01
1.794816371E+01  1.221937466E+01
1.795473933E+01  1.103024292E+01
1.796131495E+01  1.147310257E+01
1.796789058E+01  1.174518490E+01
1.797446620E+01  1.173366642E+01
1.798104182E+01  1.097367573E+01
1.798761745E+01  1.069810104E+01
1.799419307E+01  1.024237633E+01
1.800076869E+01  1.019731045E+01
1.800734432E+01  9.238195419E+00
1.801391994E+01  8.771284103E+00
1.802049556E+01  9.546101570E+00
1.802707119E+01  1.096696281E+01
1.803364681E+01  1.116622066E+01
1.804022243E+01  1.172252178E+01
1.804679806E+01  1.219840717E+01
1.805337368E+01  1.273698807E+01
1.805994930E+01  1.341644287E+01
1.806652493E+01  1.354102325E+01
1.807310055E+01  1.207416821E+01
1.807967617E+01  1.190070152E+01
1.808625180E+01  1.159245872E+01
1.809282742E+01  1.070565128E+01
1.809940304E+01  1.071982574E+01
1.810597867E+01  1.108181095E+01
1.811255429E+01  1.213882160E+01
1.811912991E+01  1.271072006E+01
1.812570554E+01  1.210271454E+01
1.813228116E+01  1.091101933E+01
1.813885678E+01  1.062051392E+01
1.814543241E+01  1.050366211E+01
1.815200803E+01  9.936925888E+00
1.815858365E+01  9.967653275E+00
1.816515927E+01  1.003673935E+01
1.817173490E+01  1.139317322E+01
1.817831052E+01  1.181816578E+01
1.818488614E+01  1.118813419E+01
1.819146177E+01  1.120663643E+01
1.819803739E+01  1.143074512E+01
1.820461301E+01  1.238823032E+01
1.821118864E+01  1.242082787E+01
1.821776426E+01  1.402261639E+01
1.822433988E+01  1.426775646E+01
1.823091551E+01  1.400336170E+01
1.823749113E+01  1.420496750E+01
1.824406675E+01  1.370212364E+01
1.825064238E+01  1.261003208E+01
1.825721800E+01  1.224165916E+01
1.826379362E+01  1.270392513E+01
1.827036925E+01  1.231323719E+01
1.827694487E+01  1.125320148E+01
1.828352049E+01  1.093204308E+01
1.829009612E+01  1.169452572E+01
1.829667174E+01  1.213737392E+01
1.830324736E+01  1.188417721E+01
1.830982299E+01  1.229388714E+01
1.831639861E+01  1.280114269E+01
1.832297423E+01  1.316431904E+01
1.832954986E+01  1.363642406E+01
1.833612548E+01  1.516040516E+01
1.834270110E+01  1.501123905E+01
1.834927673E+01  1.513088989E+01
1.835585235E+01  1.434656906E+01
1.836242797E+01  1.321936703E+01
1.836900360E+01  1.284307575E+01
1.837557922E+01  1.214692402E+01
1.838215484E+01  1.352692413E+01
1.838873047E+01  1.370133877E+01
1.839530609E+01  1.328636360E+01
1.840188171E+01  1.258812237E+01
1.840845734E+01  1.309631443E+01
1.841503296E+01  1.387679768E+01
1.842160858E+01  1.385039997E+01
1.842818421E+01  1.373822880E+01
1.843475983E+01  1.366519165E+01
1.844133545E+01  1.299886799E+01
1.844791108E+01  1.231825924E+01
1.845448670E+01  1.279953384E+01
1.846106232E+01  1.305050659E+01
1.846763795E+01  1.230839062E+01
1.847421357E+01  1.255943489E+01
1.848078919E+01  1.390464592E+01
1.848736482E+01  1.413352299E+01
1.849394044E+01  1.457854939E+01
1.850051606E+01  1.381783485E+01
1.850709168E+01  1.209698772E+01
1.851366731E+01  1.092433357E+01
1.852024293E+01  1.045860672E+01
1.852681855E+01  1.079801369E+01
1.853339418E+01  1.089771175E+01
1.853996980E+01  1.115134907E+01
1.854654542E+01  1.173285770E+01
1.855312105E+01  1.263551331E+01
1.855969667E+01  1.251177597E+01
1.856627229E+01  1.220404339E+01
1.857284792E+01  1.298390961E+01
1.857942354E+01  1.290567303E+01
1.858599916E+01  1.260662460E+01
1.859257479E+01  1.329581451E+01
1.859915041E+01  1.366616058E+01
1.860572603E+01  1.348184109E+01
1.861230166E+01  1.415642643E+01
1.861887728E+01  1.431341839E+01
1.862545290E+01  1.427453327E+01
1.863202853E+01  1.351283073E+01
1.863860415E+01  1.108435249E+01
1.864517977E+01  9.061232567E+00
1.865175540E+01  8.037075043E+00
1.865833102E+01  9.523439407E+00
1.866490664E+01  1.118568897E+01
1.867148227E+01  1.277024078E+01
1.867805789E+01  1.386287498E+01
1.868463351E+01  1.456208134E+01
1.869120914E+01  1.356939507E+01
1.869778476E+01  1.289106464E+01
1.870436038E+01  1.214664841E+01
1.871093601E+01  1.149870968E+01
1.871751163E+01  1.119236660E+01
1.872408725E+01  1.151720619E+01
1.873066288E+01  1.235855770E+01
1.873723850E+01  1.265744877E+01
1.874381412E+01  1.285005283E+01
1.875038975E+01  1.297852898E+01
1.875696537E+01  1.305331421E+01
1.876354099E+01  1.324843025E+01
1.877011662E+01  1.266612530E+01
1.877669224E+01  1.120697784E+01
1.878326786E+01  1.090533733E+01
1.878984349E+01  1.200646591E+01
1.879641911E+01  1.190939999E+01
1.880299473E+01  1.102143288E+01
1.880957036E+01  9.922174454E+00
1.881614598E+01  9.958759308E+00
1.882272160E+01  9.977783203E+00
1.882929722E+01  8.919052124E+00
1.883587285E+01  7.697908401E+00
1.884244847E+01  7.281413078E+00
1.884902409E+01  7.972529888E+00
1.885559972E+01  8.255355835E+00
1.886217534E+01  8.302941322E+00
1.886875096E+01  7.843520641E+00
1.887532659E+01  8.708860397E+00
1.888190221E+01  8.660450935E+00
1.888847783E+01  8.056993484E+00
1.889505346E+01  7.554615021E+00
1.890162908E+01  7.956480503E+00
1.890820470E+01  8.519928932E+00
1.891478033E+01  9.359799385E+00
1.892135595E+01  8.008481979E+00
1.892793157E+01  7.225487232E+00
1.893450720E+01  6.879268646E+00
1.894108282E+01  5.739692211E+00
1.894765844E+01  4.708972931E+00
1.895423407E+01  4.150271416E+00
1.896080969E+01  5.002415657E+00
1.896738531E+01  4.678320885E+00
1.897396094E+01  4.064477444E+00
1.898053656E+01  3.227476597E+00
1.898711218E+01  2.367121220E+00
1.899368781E+01  1.696786761E+00
1.900026343E+01  7.676344514E-01
1.900683905E+01  6.126570106E-01
1.901341468E+01  4.688538909E-01
1.901999030E+01  5.916985273E-01
1.902656592E+01  1.174591422E+00
1.903314155E+01  8.264225721E-01
1.903971717E+01  6.126129627E-01
1.904629279E+01  1.484829187E+00
1.905286842E+01  2.868898153E+00
1.905944404E+01  4.751254559E+00
1.906601966E+01  4.745360851E+00
1.907259529E+01  2.874429464E+00
1.907917091E+01  1.496712089E+00
1.908574653E+01  1.049627542E+00
1.909232216E+01  1.102472305E+00
1.909889778E+01  5.624438524E-01
1.910547340E+01  1.003838778E-01
1.911204903E+01  1.839404106E-01
1.911862465E+01  6.268453002E-01
1.912520027E+01  -5.732274652E-01
1.913177590E+01  -8.059709072E-01
1.913835152E+01  1.115136147E-01
1.914492714E+01  1.443525076E+00
1.915150276E+01  3.040690422E+00
1.915807839E+01  3.746285915E+00
1.916465401E+01  3.911957979E+00
1.917122963E+01  4.945691586E+00
1.917780526E+01  5.365650177E+00
1.918438088E+01  6.273936749E+00
1.919095650E+01  6.585226059E+00
1.919753213E+01  6.535640717E+00
1.920410775E+01  6.090504169E+00
1.921068337E+01  6.991190434E+00
1.921725900E+01  7.723771572E+00
1.922383462E+01  7.995388985E+00
1.923041024E+01  7.113373756E+00
1.923698587E+01  5.263210297E+00
1.924356149E+01  5.172677517E+00
1.925013711E+01  5.324791908E+00
1.925671274E+01  5.584837914E+00
1.926328836E+01  5.607266903E+00
1.926986398E+01  6.561098099E+00
1.927643961E+01  7.919006824E+00
1.928301523E+01  7.688578606E+00
1.928959085E+01  6.655101299E+00
1.929616648E+01  6.300467491E+00
1.930274210E+01  6.340538025E+00
1.930931772E+01  6.241248131E+00
1.931589335E+01  4.935497284E+00
1.932246897E+01  4.040441513E+00
1.932904459E+01  1.866459608E+00
1.933562022E+01  4.606941640E-01
1.934219584E+01  -5.397135615E-01
1.934877146E+01  3.800741732E-01
1.935534709E+01  1.224742651E+00
1.936192271E+01  1.008922219E+00
1.936849833E+01  -4.180831015E-01
1.937507396E+01  -4.905377328E-01
1.938164958E+01  -7.124327123E-02
1.938822520E+01  -4.072462395E-02
1.939480083E+01  -5.654359981E-02
1.940137645E+01  -3.922213018E-01
1.940795207E+01  -2.763522556E-03
1.941452770E+01  1.094315350E-01
1.942110332E+01  1.414289474E-01
1.942767894E+01  1.495020837E-01
1.943425457E+01  5.933242440E-01
1.944083019E+01  -3.970404863E-01
1.944740581E+01  -3.662236631E-01
1.945398144E+01  -3.555938900E-01
1.946055706E+01  3.876730204E-01
1.946713268E+01  3.778640926E-01
1.947370831E+01  -1.835970283E-01
1.948028393E+01  -2.497925460E-01
1.948685955E+01  1.845531315E-01
1.949343517E+01  -3.400172666E-02
